{
  "0": [{"cam_R_m2c": [-0.8212912082672119, 0.022538943216204643, -0.5700638890266418, 0.52118319272995, 0.43607184290885925, -0.7336275577545166, 0.23205362260341644, -0.8996295928955078, -0.36988893151283264], "cam_t_m2c": [-49.77679443359375, -15.032954216003418, 1049.106201171875], "obj_id": 1}],
  "1": [{"cam_R_m2c": [-0.8524284958839417, -0.03698519617319107, -0.5215340852737427, 0.4263509511947632, 0.5282121300697327, -0.7343138456344604, 0.3026393949985504, -0.8483065366744995, -0.43449440598487854], "cam_t_m2c": [-53.26573944091797, -29.402294158935547, 1048.4761962890625], "obj_id": 1}],
  "2": [{"cam_R_m2c": [-0.8244659900665283, -0.35911521315574646, -0.4373694360256195, 0.23856715857982635, 0.48027074337005615, -0.8440531492233276, 0.5131680965423584, -0.8002351522445679, -0.3102937936782837], "cam_t_m2c": [249.92739868164062, 51.92169952392578, 1025.905029296875], "obj_id": 1}],
  "3": [{"cam_R_m2c": [-0.7755666375160217, -0.42273810505867004, -0.4688163995742798, 0.23032325506210327, 0.5019661784172058, -0.8336552977561951, 0.5877478122711182, -0.7545346021652222, -0.2919417917728424], "cam_t_m2c": [175.61465454101562, 38.66004180908203, 1058.24609375], "obj_id": 1}],
  "4": [{"cam_R_m2c": [-0.746632993221283, -0.43824493885040283, -0.5004801154136658, 0.23028050363063812, 0.5355542302131653, -0.8124976754188538, 0.6241072416305542, -0.7218884825706482, -0.2989431619644165], "cam_t_m2c": [196.16329956054688, 4.303891181945801, 1007.3408813476562], "obj_id": 1}],
  "5": [{"cam_R_m2c": [-0.7880218625068665, -0.46434250473976135, -0.40423670411109924, 0.09203258901834488, 0.5603771805763245, -0.8231083154678345, 0.6087292432785034, -0.6858304142951965, -0.3988547623157501], "cam_t_m2c": [171.4293212890625, 52.5473747253418, 1044.1279296875], "obj_id": 1}],
  "6": [{"cam_R_m2c": [-0.7787575721740723, -0.5168391466140747, -0.3555470407009125, 0.007644932717084885, 0.558906078338623, -0.8291956782341003, 0.627278208732605, -0.6484606266021729, -0.431301087141037], "cam_t_m2c": [130.38381958007812, 109.92623901367188, 1026.0125732421875], "obj_id": 1}],
  "7": [{"cam_R_m2c": [-0.7251998782157898, -0.42632123827934265, -0.5406802892684937, 0.29142749309539795, 0.5214015245437622, -0.8020039796829224, 0.6238228678703308, -0.7391823530197144, -0.25387856364250183], "cam_t_m2c": [150.2129364013672, 15.54934310913086, 1018.9387817382812], "obj_id": 1}],
  "8": [{"cam_R_m2c": [-0.7216295599937439, -0.4221159815788269, -0.5486971735954285, 0.2971124053001404, 0.52704256772995, -0.7962099313735962, 0.6252797245979309, -0.7375934720039368, -0.2549135088920593], "cam_t_m2c": [148.16433715820312, 8.887253761291504, 1021.123779296875], "obj_id": 1}],
  "9": [{"cam_R_m2c": [-0.7144358158111572, -0.43252864480018616, -0.5500004291534424, 0.33290281891822815, 0.48126110434532166, -0.8109028339385986, 0.6154325008392334, -0.762434720993042, -0.19984015822410583], "cam_t_m2c": [71.82582092285156, 48.73300552368164, 1067.4063720703125], "obj_id": 1}],
  "10": [{"cam_R_m2c": [-0.8996104598045349, 0.08203758299350739, -0.42891809344291687, 0.4364716112613678, 0.20019707083702087, -0.8771622776985168, 0.013907857239246368, -0.9763149619102478, -0.21590639650821686], "cam_t_m2c": [115.92228698730469, 57.41057205200195, 1072.4598388671875], "obj_id": 1}],
  "11": [{"cam_R_m2c": [-0.8935233950614929, 0.07786210626363754, -0.4422142505645752, 0.4482627511024475, 0.21172833442687988, -0.8684651255607605, 0.026008760556578636, -0.9742220640182495, -0.2240869104862213], "cam_t_m2c": [121.75894165039062, 46.30330276489258, 1056.1004638671875], "obj_id": 1}],
  "12": [{"cam_R_m2c": [-0.880249559879303, 0.07154228538274765, -0.469086617231369, 0.47327104210853577, 0.20378530025482178, -0.8570215702056885, 0.034279655665159225, -0.9763980507850647, -0.21324075758457184], "cam_t_m2c": [126.93193817138672, 48.75642013549805, 1023.7260131835938], "obj_id": 1}],
  "13": [{"cam_R_m2c": [-0.9348994493484497, -0.007109201978892088, -0.3548416197299957, 0.325386643409729, 0.38208112120628357, -0.8649494647979736, 0.14172738790512085, -0.9241014719009399, -0.3548942506313324], "cam_t_m2c": [72.34687805175781, -42.63274383544922, 1055.330810546875], "obj_id": 1}],
  "14": [{"cam_R_m2c": [-0.9014028310775757, 0.3520049750804901, -0.25212231278419495, 0.4131842255592346, 0.5252516865730286, -0.7439015507698059, -0.12942934036254883, -0.7747278213500977, -0.6189063191413879], "cam_t_m2c": [197.08958435058594, 5.908323287963867, 967.2415161132812], "obj_id": 1}],
  "15": [{"cam_R_m2c": [-0.8933618068695068, 0.41290169954299927, -0.1772477924823761, 0.4043668508529663, 0.5667494535446167, -0.7178317904472351, -0.19593888521194458, -0.7129566669464111, -0.6732760667800903], "cam_t_m2c": [112.37125396728516, -37.679080963134766, 1017.6049194335938], "obj_id": 1}],
  "16": [{"cam_R_m2c": [-0.9845178723335266, 0.17282389104366302, -0.029261533170938492, 0.15180134773254395, 0.757193386554718, -0.6353066563606262, -0.08763953298330307, -0.6299127340316772, -0.7717052698135376], "cam_t_m2c": [87.81146240234375, -53.16617202758789, 1034.455078125], "obj_id": 1}],
  "17": [{"cam_R_m2c": [-0.9859645366668701, 0.16424208879470825, -0.029975533485412598, 0.14859741926193237, 0.7814433574676514, -0.6060240268707275, -0.07611046731472015, -0.6019724607467651, -0.7948813438415527], "cam_t_m2c": [88.17278289794922, -51.87664794921875, 1024.5599365234375], "obj_id": 1}],
  "18": [{"cam_R_m2c": [-0.9624351859092712, 0.26547762751579285, -0.05692265182733536, 0.2398066371679306, 0.732843816280365, -0.6367359757423401, -0.12732373178005219, -0.6264675259590149, -0.7689779996871948], "cam_t_m2c": [20.690343856811523, 25.590389251708984, 992.64208984375], "obj_id": 1}],
  "19": [{"cam_R_m2c": [-0.9952463507652283, 0.08746208250522614, -0.042834024876356125, 0.09281299263238907, 0.7186057567596436, -0.6891962885856628, -0.029497768729925156, -0.689895749092102, -0.7233073115348816], "cam_t_m2c": [45.9105339050293, 35.55622863769531, 910.2076416015625], "obj_id": 1}],
  "20": [{"cam_R_m2c": [-0.9979077577590942, 0.06011093407869339, -0.023809360340237617, 0.06201145797967911, 0.7856355905532837, -0.6155739426612854, -0.018297243863344193, -0.61576247215271, -0.7877194285392761], "cam_t_m2c": [-17.1046199798584, -17.243667602539062, 1045.812255859375], "obj_id": 1}],
  "21": [{"cam_R_m2c": [-0.8451259136199951, 0.5342917442321777, -0.017164329066872597, 0.3565320074558258, 0.5394454598426819, -0.7628129124641418, -0.39830541610717773, -0.6507925391197205, -0.6463915109634399], "cam_t_m2c": [89.64266967773438, 6.2208027839660645, 1033.7908935546875], "obj_id": 1}],
  "22": [{"cam_R_m2c": [-0.8088962435722351, 0.5864920020103455, -0.041400834918022156, 0.40781402587890625, 0.5089494585990906, -0.7580621242523193, -0.42352643609046936, -0.6300774216651917, -0.6508669853210449], "cam_t_m2c": [122.52433776855469, 4.254964351654053, 1011.2822265625], "obj_id": 1}],
  "23": [{"cam_R_m2c": [-0.7734357118606567, 0.6330525875091553, -0.0322725847363472, 0.42460185289382935, 0.4796123206615448, -0.7679097056388855, -0.4706489145755768, -0.6076318025588989, -0.6397445797920227], "cam_t_m2c": [136.8104248046875, 32.51186752319336, 981.05712890625], "obj_id": 1}],
  "24": [{"cam_R_m2c": [-0.7811387777328491, 0.6221407055854797, -0.05256633460521698, 0.33239513635635376, 0.3431161642074585, -0.8785127997398376, -0.5285221934318542, -0.7037131786346436, -0.4748179018497467], "cam_t_m2c": [60.13601303100586, 92.01495361328125, 1045.7801513671875], "obj_id": 1}],
  "25": [{"cam_R_m2c": [-0.7921959161758423, 0.6073006987571716, -0.060094717890024185, 0.32561713457107544, 0.33734962344169617, -0.8832715749740601, -0.51613849401474, -0.7192920446395874, -0.4649944603443146], "cam_t_m2c": [86.39000701904297, 58.927650451660156, 1019.7483520507812], "obj_id": 1}],
  "26": [{"cam_R_m2c": [-0.8496311902999878, 0.5236321091651917, -0.06273815035820007, 0.2918086647987366, 0.36768805980682373, -0.882979691028595, -0.439288467168808, -0.7685146927833557, -0.4651995599269867], "cam_t_m2c": [104.10688781738281, -11.249192237854004, 1025.5308837890625], "obj_id": 1}],
  "27": [{"cam_R_m2c": [-0.852324366569519, 0.5210817456245422, -0.04491026699542999, 0.27032196521759033, 0.36539122462272644, -0.8907386064529419, -0.44773781299591064, -0.7713384628295898, -0.45229166746139526], "cam_t_m2c": [91.85985565185547, -0.8501745462417603, 1026.6220703125], "obj_id": 1}],
  "28": [{"cam_R_m2c": [-0.8575471639633179, 0.5132557153701782, 0.034373339265584946, 0.13509920239448547, 0.28919151425361633, -0.9476900696754456, -0.4963478147983551, -0.8080450892448425, -0.3173358142375946], "cam_t_m2c": [11.043049812316895, 33.40502166748047, 1060.0430908203125], "obj_id": 1}],
  "29": [{"cam_R_m2c": [-0.7953485250473022, 0.6056966781616211, 0.023504916578531265, 0.15652064979076385, 0.24268242716789246, -0.9573957324028015, -0.5855956077575684, -0.7577841877937317, -0.2878212332725525], "cam_t_m2c": [-31.373075485229492, 48.911399841308594, 1040.606689453125], "obj_id": 1}],
  "30": [{"cam_R_m2c": [-0.75418621301651, 0.6565282344818115, 0.013184860348701477, 0.15943895280361176, 0.20255932211875916, -0.9662033915519714, -0.6370105147361755, -0.7265951037406921, -0.2574436366558075], "cam_t_m2c": [-38.36155319213867, 79.96404266357422, 1030.07861328125], "obj_id": 1}],
  "31": [{"cam_R_m2c": [-0.6946091651916504, 0.713944137096405, -0.08832673728466034, 0.25194627046585083, 0.12642358243465424, -0.9594477415084839, -0.6738255620002747, -0.688694953918457, -0.2676904499530792], "cam_t_m2c": [8.726813316345215, 34.82768249511719, 1028.755615234375], "obj_id": 1}],
  "32": [{"cam_R_m2c": [-0.6703049540519714, 0.7363604307174683, -0.09200280159711838, 0.2749261260032654, 0.13126055896282196, -0.9524632692337036, -0.6892799139022827, -0.6637348532676697, -0.2904292941093445], "cam_t_m2c": [-12.1116304397583, 6.304520130157471, 1041.8590087890625], "obj_id": 1}],
  "33": [{"cam_R_m2c": [-0.5941019654273987, 0.7986208200454712, -0.09616460651159286, 0.35503506660461426, 0.15306444466114044, -0.9222371578216553, -0.7217984199523926, -0.5820447206497192, -0.37447428703308105], "cam_t_m2c": [-38.463077545166016, -43.681541442871094, 1018.1624755859375], "obj_id": 1}],
  "34": [{"cam_R_m2c": [-0.5467563271522522, 0.8327639102935791, -0.08695840835571289, 0.36862924695014954, 0.14616556465625763, -0.9180131554603577, -0.7517778873443604, -0.533984899520874, -0.38689810037612915], "cam_t_m2c": [-19.87070655822754, -40.74714279174805, 985.7891845703125], "obj_id": 1}],
  "35": [{"cam_R_m2c": [-0.5878304243087769, 0.8060604929924011, 0.06871534138917923, 0.2785709798336029, 0.28143149614334106, -0.9182562232017517, -0.7595087289810181, -0.5206368565559387, -0.3899790346622467], "cam_t_m2c": [-54.010345458984375, -18.119138717651367, 1034.5289306640625], "obj_id": 1}],
  "36": [{"cam_R_m2c": [-0.5701463222503662, 0.8200082182884216, -0.05019550025463104, 0.40636569261550903, 0.22838754951953888, -0.8847067356109619, -0.714002788066864, -0.5248100757598877, -0.4634374976158142], "cam_t_m2c": [5.319807529449463, -25.105722427368164, 1030.5811767578125], "obj_id": 1}],
  "37": [{"cam_R_m2c": [-0.658748984336853, 0.73909991979599, -0.14064456522464752, 0.4604320824146271, 0.24819232523441315, -0.8522926568984985, -0.5950225591659546, -0.6262043118476868, -0.503801703453064], "cam_t_m2c": [163.20501708984375, -61.197914123535156, 1002.7113037109375], "obj_id": 1}],
  "38": [{"cam_R_m2c": [-0.8268458843231201, 0.5022008419036865, 0.2532198429107666, 0.1896854192018509, 0.6728484630584717, -0.7150485515594482, -0.5294765830039978, -0.543202817440033, -0.6516022086143494], "cam_t_m2c": [133.5205535888672, -87.6045913696289, 1014.455078125], "obj_id": 1}],
  "39": [{"cam_R_m2c": [-0.8682599067687988, 0.4073125123977661, 0.2832333743572235, 0.14682939648628235, 0.7563093304634094, -0.6375243067741394, -0.4738836884498596, -0.5119498372077942, -0.7164785265922546], "cam_t_m2c": [142.57533264160156, -47.11278533935547, 1058.4886474609375], "obj_id": 1}],
  "40": [{"cam_R_m2c": [-0.7848929762840271, 0.6184213757514954, -0.03870128095149994, 0.19893108308315277, 0.19234387576580048, -0.9609526991844177, -0.5868297815322876, -0.761944055557251, -0.27399247884750366], "cam_t_m2c": [-29.282577514648438, 45.97338104248047, 996.7391967773438], "obj_id": 1}],
  "41": [{"cam_R_m2c": [-0.8608632683753967, 0.5087195634841919, -0.010912375524640083, 0.11270423978567123, 0.16971904039382935, -0.979026734828949, -0.49619796872138977, -0.8440378904342651, -0.20343981683254242], "cam_t_m2c": [-60.56416320800781, 56.665584564208984, 1062.078125], "obj_id": 1}],
  "42": [{"cam_R_m2c": [-0.9139264822006226, 0.3676666021347046, -0.17192897200584412, 0.17315888404846191, -0.02991611883044243, -0.9844394326210022, -0.3670889735221863, -0.9294763207435608, -0.03632357344031334], "cam_t_m2c": [-3.15210223197937, 200.95419311523438, 1051.5885009765625], "obj_id": 1}],
  "43": [{"cam_R_m2c": [-0.9584159851074219, 0.2678025960922241, -0.09859246760606766, 0.11628083884716034, 0.05097341910004616, -0.9919074773788452, -0.26060983538627625, -0.9621244668960571, -0.07999403029680252], "cam_t_m2c": [-47.66420364379883, 164.09620666503906, 1040.087646484375], "obj_id": 1}],
  "44": [{"cam_R_m2c": [-0.9715606570243835, 0.2215646207332611, -0.08353949338197708, 0.1118028461933136, 0.11823752522468567, -0.9866711497306824, -0.2087339162826538, -0.9679508805274963, -0.13964641094207764], "cam_t_m2c": [-78.5550308227539, 117.99092102050781, 1023.357421875], "obj_id": 1}],
  "45": [{"cam_R_m2c": [-0.9715371131896973, 0.2277427613735199, -0.06518115103244781, 0.09973151981830597, 0.14365419745445251, -0.9845897555351257, -0.2148696631193161, -0.9630662202835083, -0.1622784286737442], "cam_t_m2c": [-108.09056091308594, 110.0631332397461, 1003.1101684570312], "obj_id": 1}],
  "46": [{"cam_R_m2c": [-0.9730912446975708, 0.21474973857402802, -0.08352245390415192, 0.11669568717479706, 0.14674876630306244, -0.9822662472724915, -0.19868460297584534, -0.9655813574790955, -0.16786034405231476], "cam_t_m2c": [-115.9698715209961, 116.08928680419922, 987.0292358398438], "obj_id": 1}],
  "47": [{"cam_R_m2c": [-0.9894692897796631, 0.11508210003376007, -0.08778603374958038, 0.11572147905826569, 0.2646736204624176, -0.9573695063591003, -0.08694145828485489, -0.9574465751647949, -0.27520379424095154], "cam_t_m2c": [-111.99409484863281, 40.0755729675293, 1058.6142578125], "obj_id": 1}],
  "48": [{"cam_R_m2c": [-0.99315345287323, 0.10361485183238983, -0.05394740775227547, 0.07049499452114105, 0.16335107386112213, -0.984046220779419, -0.09314943104982376, -0.9811118245124817, -0.16953708231449127], "cam_t_m2c": [-212.98818969726562, 103.67472839355469, 1043.6990966796875], "obj_id": 1}],
  "49": [{"cam_R_m2c": [-0.5230735540390015, 0.8489689826965332, -0.07513991743326187, 0.45819735527038574, 0.20577557384967804, -0.8647032380104065, -0.7186442017555237, -0.4867321848869324, -0.4966311454772949], "cam_t_m2c": [30.10248374938965, -131.2150421142578, 1029.6007080078125], "obj_id": 1}],
  "50": [{"cam_R_m2c": [-0.5426005125045776, 0.8373652696609497, -0.06636226922273636, 0.4040132761001587, 0.19089555740356445, -0.8946128487586975, -0.7364494800567627, -0.5122286677360535, -0.44188669323921204], "cam_t_m2c": [50.27776336669922, -92.78501892089844, 1057.7305908203125], "obj_id": 1}],
  "51": [{"cam_R_m2c": [-0.6365079283714294, 0.7399426102638245, 0.2175840437412262, 0.15156269073486328, 0.39661043882369995, -0.9053888916969299, -0.7562318444252014, -0.5433094501495361, -0.36459341645240784], "cam_t_m2c": [-33.73165512084961, -29.295560836791992, 845.4220581054688], "obj_id": 1}],
  "52": [{"cam_R_m2c": [-0.647546648979187, 0.7407276630401611, 0.17890141904354095, 0.17321603000164032, 0.371705025434494, -0.9120479822158813, -0.7420777678489685, -0.5596051216125488, -0.36900219321250916], "cam_t_m2c": [-19.3767032623291, -56.83170700073242, 828.3653564453125], "obj_id": 1}],
  "53": [{"cam_R_m2c": [-0.6641894578933716, 0.7251964211463928, 0.18150018155574799, 0.17786277830600739, 0.389114648103714, -0.9038553833961487, -0.7260971069335938, -0.5680491924285889, -0.387431263923645], "cam_t_m2c": [14.628134727478027, -72.4017333984375, 758.6528930664062], "obj_id": 1}],
  "54": [{"cam_R_m2c": [-0.6663651466369629, 0.7238417267799377, 0.17891526222229004, 0.1780598759651184, 0.3874935805797577, -0.9045128226280212, -0.7240526676177979, -0.5708781480789185, -0.38709941506385803], "cam_t_m2c": [16.64055824279785, -74.93385314941406, 761.535888671875], "obj_id": 1}],
  "55": [{"cam_R_m2c": [-0.6558540463447571, 0.7291058301925659, 0.19560188055038452, 0.14972655475139618, 0.3796071708202362, -0.9129514694213867, -0.7398900985717773, -0.5694761276245117, -0.35813337564468384], "cam_t_m2c": [38.68911361694336, -102.00495910644531, 906.9468994140625], "obj_id": 1}],
  "56": [{"cam_R_m2c": [-0.6736686825752258, 0.7128117084503174, 0.1951156109571457, 0.1282241940498352, 0.3727463483810425, -0.9190314412117004, -0.7278249859809875, -0.5941040515899658, -0.3425072729587555], "cam_t_m2c": [66.94340515136719, -90.4289779663086, 943.25537109375], "obj_id": 1}],
  "57": [{"cam_R_m2c": [-0.9469939470291138, 0.3167841136455536, -0.05338890105485916, 0.1284348964691162, 0.2210080772638321, -0.9667780995368958, -0.29446056485176086, -0.9223899841308594, -0.24997945129871368], "cam_t_m2c": [35.713687896728516, 75.6566390991211, 998.1640014648438], "obj_id": 1}],
  "58": [{"cam_R_m2c": [-0.7029270529747009, 0.7062361240386963, -0.08440462499856949, 0.17592468857765198, 0.05765299126505852, -0.9827139377593994, -0.6891618371009827, -0.705625057220459, -0.1647702157497406], "cam_t_m2c": [-86.7446060180664, 107.43621826171875, 963.55615234375], "obj_id": 1}],
  "59": [{"cam_R_m2c": [-0.807912290096283, 0.5867727398872375, -0.05454741790890694, 0.1448918879032135, 0.10806742310523987, -0.983528196811676, -0.5712127685546875, -0.8025080561637878, -0.17232759296894073], "cam_t_m2c": [-134.56903076171875, 93.7104263305664, 982.4511108398438], "obj_id": 1}],
  "60": [{"cam_R_m2c": [-0.9058154225349426, 0.4223191440105438, 0.033839207142591476, 0.1977524608373642, 0.49208226799964905, -0.8477906584739685, -0.37468990683555603, -0.7612500190734863, -0.5292503833770752], "cam_t_m2c": [-151.79888916015625, 23.701335906982422, 916.4264526367188], "obj_id": 1}],
  "61": [{"cam_R_m2c": [-0.9543218612670898, 0.2804020643234253, 0.10317137092351913, 0.07810144871473312, 0.5674183964729309, -0.8197173476219177, -0.28839176893234253, -0.7742164134979248, -0.5633995532989502], "cam_t_m2c": [-136.78541564941406, -0.09331479668617249, 986.2744750976562], "obj_id": 1}],
  "62": [{"cam_R_m2c": [-0.9798089265823364, 0.1827797293663025, 0.08102944493293762, 0.06159874424338341, 0.661533534526825, -0.7473813891410828, -0.19020986557006836, -0.7272997498512268, -0.6594353914260864], "cam_t_m2c": [-96.89437103271484, 5.228154182434082, 930.3182983398438], "obj_id": 1}],
  "63": [{"cam_R_m2c": [-0.9903912544250488, -0.0932609885931015, 0.10211469233036041, -0.1382889598608017, 0.6736913919448853, -0.7259587049484253, -0.001090155798010528, -0.7331045866012573, -0.6801149845123291], "cam_t_m2c": [-84.22589874267578, -8.162878036499023, 948.93994140625], "obj_id": 1}],
  "64": [{"cam_R_m2c": [-0.9838841557502747, -0.13632139563560486, 0.11570901423692703, -0.17869757115840912, 0.7269628047943115, -0.6630175113677979, 0.006267320830374956, -0.6730093359947205, -0.7396075129508972], "cam_t_m2c": [-151.59664916992188, 5.114935398101807, 966.6674194335938], "obj_id": 1}],
  "65": [{"cam_R_m2c": [-0.9912090301513672, 0.037140510976314545, 0.12698517739772797, -0.08660206198692322, 0.5434757471084595, -0.8349456191062927, -0.10002367198467255, -0.8386028409004211, -0.5354816317558289], "cam_t_m2c": [-84.31497192382812, 35.62284469604492, 908.07421875], "obj_id": 1}],
  "66": [{"cam_R_m2c": [-0.9897829294204712, 0.03212800621986389, 0.1389150619506836, -0.09969157725572586, 0.5406128764152527, -0.8353438377380371, -0.1019371971487999, -0.8406577706336975, -0.5318864583969116], "cam_t_m2c": [-103.14240264892578, 29.87262535095215, 896.900390625], "obj_id": 1}],
  "67": [{"cam_R_m2c": [-0.966635525226593, 0.2480495423078537, 0.06393001973628998, 0.022407107055187225, 0.3304987847805023, -0.9435403943061829, -0.25517356395721436, -0.9106271862983704, -0.3250298798084259], "cam_t_m2c": [-179.3172607421875, 114.00608825683594, 913.997802734375], "obj_id": 1}],
  "68": [{"cam_R_m2c": [-0.9867278933525085, 0.15060049295425415, 0.0607280470430851, 0.015334581024944782, 0.45872732996940613, -0.8884447813034058, -0.16165782511234283, -0.8757218718528748, -0.4549485146999359], "cam_t_m2c": [-248.3843994140625, 50.65839385986328, 898.6765747070312], "obj_id": 1}],
  "69": [{"cam_R_m2c": [-0.9939897656440735, 0.05007137730717659, 0.09735043346881866, -0.06159612163901329, 0.4793378412723541, -0.8754662275314331, -0.09049954265356064, -0.8762009143829346, -0.4733726382255554], "cam_t_m2c": [-226.09361267089844, 42.897369384765625, 903.3388061523438], "obj_id": 1}],
  "70": [{"cam_R_m2c": [-0.9895691871643066, 0.09666987508535385, 0.106806181371212, -0.05261426791548729, 0.44766223430633545, -0.8926534652709961, -0.13410580158233643, -0.8889619708061218, -0.4379064738750458], "cam_t_m2c": [-239.5821990966797, 12.658178329467773, 887.6112060546875], "obj_id": 1}],
  "71": [{"cam_R_m2c": [-0.9924140572547913, 0.001348643098026514, 0.12293177843093872, -0.10808958858251572, 0.46683040261268616, -0.8777163028717041, -0.058572009205818176, -0.8843457698822021, -0.4631431996822357], "cam_t_m2c": [-231.64266967773438, 0.6029717922210693, 881.2261962890625], "obj_id": 1}],
  "72": [{"cam_R_m2c": [-0.9900610446929932, -0.0361860990524292, 0.13590313494205475, -0.1379784196615219, 0.4369696378707886, -0.8888304233551025, -0.027222242206335068, -0.8987480998039246, -0.43761953711509705], "cam_t_m2c": [-221.4483184814453, 3.3476762771606445, 883.5449829101562], "obj_id": 1}],
  "73": [{"cam_R_m2c": [-0.9837591052055359, -0.13316944241523743, 0.12034999579191208, -0.16483166813850403, 0.40482160449028015, -0.8994165062904358, 0.07105451077222824, -0.9046465754508972, -0.4201975166797638], "cam_t_m2c": [-217.87071228027344, 18.203001022338867, 895.364501953125], "obj_id": 1}],
  "74": [{"cam_R_m2c": [-0.983589231967926, -0.13221026957035065, 0.12277012318372726, -0.1670432984828949, 0.4101698100566864, -0.8965808749198914, 0.06818059831857681, -0.9023752808570862, -0.42552340030670166], "cam_t_m2c": [-216.91058349609375, 19.76264190673828, 910.6576538085938], "obj_id": 1}],
  "75": [{"cam_R_m2c": [-0.9844157695770264, -0.11292380094528198, 0.13481168448925018, -0.17039816081523895, 0.4229658544063568, -0.8899800181388855, 0.043479178100824356, -0.8990818858146667, -0.4356163442134857], "cam_t_m2c": [-233.63560485839844, 19.499574661254883, 951.6337890625], "obj_id": 1}],
  "76": [{"cam_R_m2c": [-0.9308890104293823, -0.2992773652076721, 0.2094726413488388, -0.32655370235443115, 0.4247296452522278, -0.8443740010261536, 0.16373278200626373, -0.8544225096702576, -0.49310630559921265], "cam_t_m2c": [-229.69129943847656, 29.928281784057617, 933.1207275390625], "obj_id": 1}],
  "77": [{"cam_R_m2c": [-0.9477968215942383, -0.255085825920105, 0.19134379923343658, -0.29200485348701477, 0.45321211218833923, -0.8422185182571411, 0.12811866402626038, -0.8541253209114075, -0.5040392875671387], "cam_t_m2c": [-232.30812072753906, 29.592544555664062, 922.9588012695312], "obj_id": 1}],
  "78": [{"cam_R_m2c": [-0.979762613773346, 0.18180333077907562, 0.08374277502298355, -0.042228300124406815, 0.22121562063694, -0.9743102192878723, -0.19565805792808533, -0.9581289887428284, -0.20906154811382294], "cam_t_m2c": [-113.8978271484375, 59.1132698059082, 871.94970703125], "obj_id": 1}],
  "79": [{"cam_R_m2c": [-0.9931961894035339, 0.1036745235323906, 0.053038157522678375, -0.03016936220228672, 0.21082575619220734, -0.9770579934120178, -0.11247783154249191, -0.9720103740692139, -0.20626358687877655], "cam_t_m2c": [-48.06354522705078, 68.40557098388672, 872.4720458984375], "obj_id": 1}],
  "80": [{"cam_R_m2c": [-0.991388738155365, 0.123810313642025, -0.04265423119068146, 0.0860760509967804, 0.37064018845558167, -0.9247792959213257, -0.09868784248828888, -0.9204872846603394, -0.37810564041137695], "cam_t_m2c": [-152.41653442382812, -52.8076286315918, 946.5096435546875], "obj_id": 1}],
  "81": [{"cam_R_m2c": [-0.9992901086807251, -0.01729797199368477, -0.03346684202551842, 0.023001516237854958, 0.4234037697315216, -0.9056490659713745, 0.029835877940058708, -0.9057759046554565, -0.4227053225040436], "cam_t_m2c": [-135.31625366210938, -39.70146179199219, 890.0060424804688], "obj_id": 1}],
  "82": [{"cam_R_m2c": [-0.9958615899085999, -0.08341293781995773, -0.03608806058764458, 0.004891723860055208, 0.3473048508167267, -0.9377395510673523, 0.09075316786766052, -0.9340351819992065, -0.34545964002609253], "cam_t_m2c": [-104.17960357666016, -26.817235946655273, 871.89794921875], "obj_id": 1}],
  "83": [{"cam_R_m2c": [-0.9911468625068665, -0.13237054646015167, -0.010289018973708153, -0.035455089062452316, 0.33856260776519775, -0.9402756094932556, 0.12794826924800873, -0.931586503982544, -0.3402584493160248], "cam_t_m2c": [-93.73489379882812, -26.068668365478516, 928.2123413085938], "obj_id": 1}],
  "84": [{"cam_R_m2c": [-0.9780462980270386, -0.19469568133354187, 0.07428900897502899, -0.14299283921718597, 0.3677058815956116, -0.9188826680183411, 0.15158599615097046, -0.9093326926231384, -0.3874734342098236], "cam_t_m2c": [-171.84133911132812, -50.42832946777344, 980.7330322265625], "obj_id": 1}],
  "85": [{"cam_R_m2c": [-0.9802510738372803, -0.1977241486310959, 0.003553587943315506, -0.06358914077281952, 0.2981370687484741, -0.9524025321006775, 0.18725353479385376, -0.9338197708129883, -0.30482217669487], "cam_t_m2c": [-171.0227508544922, -32.12323760986328, 933.1292114257812], "obj_id": 1}],
  "86": [{"cam_R_m2c": [-0.9952556490898132, 0.09098435938358307, -0.03446711227297783, 0.0656835064291954, 0.36698219180107117, -0.9279060959815979, -0.0717761293053627, -0.925767719745636, -0.3712172210216522], "cam_t_m2c": [47.2973518371582, 68.95506286621094, 913.2510986328125], "obj_id": 1}],
  "87": [{"cam_R_m2c": [-0.999289870262146, -0.020436620339751244, 0.03166132792830467, -0.03744981810450554, 0.6321088671684265, -0.7739741206169128, -0.004195992834866047, -0.7746101021766663, -0.6324254274368286], "cam_t_m2c": [117.31843566894531, 44.932044982910156, 808.8143920898438], "obj_id": 1}],
  "88": [{"cam_R_m2c": [-0.9914624691009521, 0.1220405101776123, -0.04591429606080055, 0.11406593769788742, 0.6411725878715515, -0.7588719725608826, -0.06317414343357086, -0.7576304078102112, -0.6496192216873169], "cam_t_m2c": [83.5518569946289, -8.120179176330566, 813.6327514648438], "obj_id": 1}],
  "89": [{"cam_R_m2c": [-0.9938098192214966, 0.06997370719909668, 0.0862884446978569, 0.00012469275679904968, 0.7774133682250977, -0.6289899945259094, -0.11109455674886703, -0.625085711479187, -0.7726097702980042], "cam_t_m2c": [-35.811744689941406, 21.07398223876953, 811.0519409179688], "obj_id": 1}],
  "90": [{"cam_R_m2c": [-0.9939308762550354, 0.04335295036435127, 0.10110306739807129, -0.024228624999523163, 0.8102279901504517, -0.5856138467788696, -0.10730461776256561, -0.5845092535018921, -0.80426025390625], "cam_t_m2c": [-26.694761276245117, 65.01285552978516, 791.3580322265625], "obj_id": 1}],
  "91": [{"cam_R_m2c": [-0.9935211539268494, 0.06778334826231003, 0.09122050553560257, 0.009409957565367222, 0.8489698767662048, -0.5283574461936951, -0.11325730383396149, -0.5240758657455444, -0.844107449054718], "cam_t_m2c": [-18.06377601623535, 23.429777145385742, 810.295654296875], "obj_id": 1}],
  "92": [{"cam_R_m2c": [-0.9946943521499634, 0.07662680000066757, 0.06864108890295029, 0.030081473290920258, 0.8547114729881287, -0.5182309746742249, -0.09837871044874191, -0.513416588306427, -0.8524817228317261], "cam_t_m2c": [-10.47143268585205, 13.52430534362793, 823.2767333984375], "obj_id": 1}],
  "93": [{"cam_R_m2c": [-0.9919342398643494, 0.10903242975473404, 0.06464315950870514, 0.05935029685497284, 0.8501406311988831, -0.5232002139091492, -0.11200156807899475, -0.5151435732841492, -0.8497546911239624], "cam_t_m2c": [-22.193845748901367, 22.957258224487305, 844.8610229492188], "obj_id": 1}],
  "94": [{"cam_R_m2c": [-0.9944925308227539, 0.10480515658855438, -0.0007518670754507184, 0.0966213047504425, 0.9140095710754395, -0.39401888847351074, -0.0406079962849617, -0.3919214606285095, -0.9191020727157593], "cam_t_m2c": [5.793358325958252, 61.46061706542969, 816.9741821289062], "obj_id": 1}],
  "95": [{"cam_R_m2c": [-0.9827007055282593, -0.0871656984090805, 0.1634059101343155, -0.1837000846862793, 0.5708613991737366, -0.8002321720123291, -0.023529330268502235, -0.8164063692092896, -0.576998233795166], "cam_t_m2c": [25.2812442779541, 111.62015533447266, 900.0829467773438], "obj_id": 1}],
  "96": [{"cam_R_m2c": [-0.9741634726524353, -0.17084479331970215, 0.14770835638046265, -0.22083015739917755, 0.5835131406784058, -0.7815027236938477, 0.04732590168714523, -0.7939298152923584, -0.6061649322509766], "cam_t_m2c": [-48.793701171875, 72.21073150634766, 888.5924072265625], "obj_id": 1}],
  "97": [{"cam_R_m2c": [-0.9374449849128723, -0.3279571235179901, 0.11679396033287048, -0.2897607982158661, 0.5490864515304565, -0.7839277386665344, 0.19296473264694214, -0.7687315344810486, -0.6097674369812012], "cam_t_m2c": [-77.98751831054688, 76.48609924316406, 882.7854614257812], "obj_id": 1}],
  "98": [{"cam_R_m2c": [-0.9205502867698669, -0.37177959084510803, 0.1198631003499031, -0.3189552128314972, 0.5382460355758667, -0.7801017761230469, 0.22551007568836212, -0.7563538551330566, -0.614063560962677], "cam_t_m2c": [-72.68162536621094, 70.222900390625, 888.5241088867188], "obj_id": 1}],
  "99": [{"cam_R_m2c": [-0.8779057860374451, -0.4563402831554413, 0.14503417909145355, -0.3847831189632416, 0.49205461144447327, -0.7809123992919922, 0.2849970757961273, -0.7413742542266846, -0.6075695753097534], "cam_t_m2c": [-72.2556381225586, 66.14569091796875, 907.8394165039062], "obj_id": 1}],
  "100": [{"cam_R_m2c": [-0.9217653870582581, -0.3496924340724945, 0.16752316057682037, -0.3715441823005676, 0.6729645133018494, -0.6395887136459351, 0.11092216521501541, -0.6517929434776306, -0.7502415776252747], "cam_t_m2c": [-54.034385681152344, 60.218238830566406, 818.0078735351562], "obj_id": 1}],
  "101": [{"cam_R_m2c": [-0.8701130747795105, -0.482230544090271, 0.1017688512802124, -0.46069636940956116, 0.7224509119987488, -0.5155807733535767, 0.17510579526424408, -0.4954981207847595, -0.8507758378982544], "cam_t_m2c": [-37.60700988769531, 0.40845200419425964, 841.5093994140625], "obj_id": 1}],
  "102": [{"cam_R_m2c": [-0.7962128520011902, -0.5991799831390381, 0.08383577316999435, -0.5808895826339722, 0.7183454036712646, -0.38281485438346863, 0.16915196180343628, -0.35350140929222107, -0.9200132489204407], "cam_t_m2c": [-47.7688102722168, 7.87399435043335, 825.4011840820312], "obj_id": 1}],
  "103": [{"cam_R_m2c": [-0.8643779158592224, -0.49780216813087463, 0.0710175633430481, -0.49634620547294617, 0.8220306038856506, -0.27911657094955444, 0.08056622743606567, -0.276511549949646, -0.9576272964477539], "cam_t_m2c": [-72.45649719238281, 50.94003677368164, 823.87451171875], "obj_id": 1}],
  "104": [{"cam_R_m2c": [-0.9408165216445923, -0.32479527592658997, 0.09680912643671036, -0.3321894109249115, 0.8270971179008484, -0.4533878266811371, 0.06718768924474716, -0.4587137997150421, -0.886040210723877], "cam_t_m2c": [-65.50419616699219, 62.88125991821289, 849.4634399414062], "obj_id": 1}],
  "105": [{"cam_R_m2c": [-0.9282228946685791, -0.369160920381546, 0.046069320291280746, -0.3389885723590851, 0.7882710695266724, -0.513532280921936, 0.1532609611749649, -0.4922894537448883, -0.8568326234817505], "cam_t_m2c": [-74.27224731445312, -56.28776550292969, 856.341796875], "obj_id": 1}],
  "106": [{"cam_R_m2c": [-0.9710720777511597, -0.23222468793392181, -0.05559365823864937, -0.07416433840990067, 0.5146193504333496, -0.8542052507400513, 0.22697710990905762, -0.8253718018531799, -0.5169552564620972], "cam_t_m2c": [-160.08050537109375, 35.630218505859375, 903.503662109375], "obj_id": 1}],
  "107": [{"cam_R_m2c": [-0.993762195110321, 0.05772459879517555, -0.09541722387075424, 0.10976281017065048, 0.657551646232605, -0.7453709840774536, 0.019715510308742523, -0.7511948347091675, -0.6597859859466553], "cam_t_m2c": [13.170852661132812, 90.171630859375, 827.8909301757812], "obj_id": 1}],
  "108": [{"cam_R_m2c": [-0.9682295322418213, 0.20234352350234985, -0.14692988991737366, 0.21274463832378387, 0.3577481508255005, -0.909261167049408, -0.13141924142837524, -0.9116321802139282, -0.3894297182559967], "cam_t_m2c": [-52.558563232421875, 24.652019500732422, 915.3741455078125], "obj_id": 1}],
  "109": [{"cam_R_m2c": [-0.9926170706748962, 0.11001168936491013, -0.051075369119644165, 0.09917352348566055, 0.49371910095214844, -0.8639479279518127, -0.06982748955488205, -0.8626348376274109, -0.5009841918945312], "cam_t_m2c": [-89.66007232666016, -58.651092529296875, 878.5015869140625], "obj_id": 1}],
  "110": [{"cam_R_m2c": [-0.9924283623695374, 0.06813915073871613, -0.10219103842973709, 0.11847532540559769, 0.31161612272262573, -0.9427931904792786, -0.03239675611257553, -0.9477618336677551, -0.317329466342926], "cam_t_m2c": [-131.64955139160156, -51.38383102416992, 883.8472900390625], "obj_id": 1}],
  "111": [{"cam_R_m2c": [-0.9894417524337769, -0.13586074113845825, -0.05046674236655235, -0.016549397259950638, 0.45184576511383057, -0.89194256067276, 0.1439831554889679, -0.8816900253295898, -0.44932347536087036], "cam_t_m2c": [-161.87576293945312, -78.58429718017578, 868.2167358398438], "obj_id": 1}],
  "112": [{"cam_R_m2c": [-0.9661500453948975, -0.25229620933532715, -0.053858231753110886, -0.08834405243396759, 0.5197081565856934, -0.8497639298439026, 0.24238277971744537, -0.8162413835525513, -0.5244049429893494], "cam_t_m2c": [-149.1177978515625, -109.1958999633789, 836.4976806640625], "obj_id": 1}],
  "113": [{"cam_R_m2c": [-0.9848417043685913, 0.015306195244193077, -0.17277877032756805, 0.16211353242397308, 0.43550390005111694, -0.8854690790176392, 0.06169266253709793, -0.9000567197799683, -0.43138372898101807], "cam_t_m2c": [-77.1150131225586, -36.66007995605469, 824.3923950195312], "obj_id": 1}],
  "114": [{"cam_R_m2c": [-0.9874280095100403, 0.05385727807879448, -0.14861084520816803, 0.15626080334186554, 0.47438472509384155, -0.8663380742073059, 0.023840099573135376, -0.8786686062812805, -0.47683653235435486], "cam_t_m2c": [-82.631591796875, -36.59133529663086, 812.8369750976562], "obj_id": 1}],
  "115": [{"cam_R_m2c": [-0.9933415055274963, -0.0372382253408432, -0.10902339965105057, 0.07719500362873077, 0.4873315393924713, -0.8697982430458069, 0.08552028983831406, -0.8724226951599121, -0.4812121093273163], "cam_t_m2c": [-103.72435760498047, -36.259979248046875, 807.5787963867188], "obj_id": 1}],
  "116": [{"cam_R_m2c": [-0.9904270172119141, -0.09645670652389526, -0.0987444743514061, 0.028413960710167885, 0.5575662851333618, -0.8296459913253784, 0.13508149981498718, -0.8245095014572144, -0.5494879484176636], "cam_t_m2c": [-125.18072509765625, -53.388057708740234, 811.8657836914062], "obj_id": 1}],
  "117": [{"cam_R_m2c": [-0.9605079293251038, -0.2102041393518448, -0.18231455981731415, 0.07086445391178131, 0.44881197810173035, -0.8908119797706604, 0.269077330827713, -0.8685516715049744, -0.4161913990974426], "cam_t_m2c": [-182.8285675048828, -44.96979522705078, 859.5870361328125], "obj_id": 1}],
  "118": [{"cam_R_m2c": [-0.9450151324272156, 0.23624244332313538, -0.2261330634355545, 0.29351866245269775, 0.30782246589660645, -0.9050371646881104, -0.14419931173324585, -0.9216479659080505, -0.36023855209350586], "cam_t_m2c": [-111.40431213378906, 0.22196397185325623, 822.4286499023438], "obj_id": 1}],
  "119": [{"cam_R_m2c": [-0.9421452283859253, 0.26216158270835876, -0.20888642966747284, 0.32902491092681885, 0.6041540503501892, -0.7257689237594604, -0.06406916677951813, -0.7525085806846619, -0.6554585099220276], "cam_t_m2c": [162.28269958496094, 13.179681777954102, 814.7177124023438], "obj_id": 1}],
  "120": [{"cam_R_m2c": [-0.8867230415344238, 0.4252018630504608, -0.18145425617694855, 0.42505621910095215, 0.5955116748809814, -0.6816839575767517, -0.1817951649427414, -0.681593120098114, -0.7087886333465576], "cam_t_m2c": [180.63510131835938, -34.34176254272461, 849.6617431640625], "obj_id": 1}],
  "121": [{"cam_R_m2c": [-0.859373152256012, 0.5059201717376709, -0.07431425899267197, 0.4429156184196472, 0.6638328433036804, -0.6026207208633423, -0.2555457353591919, -0.5507909655570984, -0.7945600748062134], "cam_t_m2c": [157.171875, -117.78108978271484, 870.1465454101562], "obj_id": 1}],
  "122": [{"cam_R_m2c": [-0.7101988792419434, 0.7039720416069031, 0.006402813363820314, 0.6091843247413635, 0.6190804243087769, -0.4956147074699402, -0.35286274552345276, -0.3480845093727112, -0.8685190081596375], "cam_t_m2c": [45.38816452026367, -104.86165618896484, 898.82275390625], "obj_id": 1}],
  "123": [{"cam_R_m2c": [-0.879205048084259, 0.4756249189376831, 0.027915630489587784, 0.4193150997161865, 0.8002732992172241, -0.42864611744880676, -0.2262149155139923, -0.3651624023914337, -0.9030410051345825], "cam_t_m2c": [52.49168395996094, -81.76828002929688, 921.7000732421875], "obj_id": 1}],
  "124": [{"cam_R_m2c": [-0.8629249930381775, 0.5011302828788757, 0.06502926349639893, 0.4111907184123993, 0.7711301445960999, -0.4860869348049164, -0.2937389314174652, -0.3927171528339386, -0.871487557888031], "cam_t_m2c": [-28.14888572692871, 36.430240631103516, 890.1820678710938], "obj_id": 1}],
  "125": [{"cam_R_m2c": [-0.8673589825630188, 0.4938945174217224, 0.061290498822927475, 0.377635657787323, 0.7333448529243469, -0.56532883644104, -0.3241598606109619, -0.46719756722450256, -0.82258540391922], "cam_t_m2c": [-25.983013153076172, 17.79574203491211, 844.26708984375], "obj_id": 1}],
  "126": [{"cam_R_m2c": [-0.9374544024467468, 0.33293160796165466, 0.10166509449481964, 0.2031707465648651, 0.760432779788971, -0.6168173551559448, -0.28266745805740356, -0.5575827360153198, -0.7805130481719971], "cam_t_m2c": [-30.263051986694336, 14.08340072631836, 876.9939575195312], "obj_id": 1}],
  "127": [{"cam_R_m2c": [-0.575064480304718, 0.8166024684906006, -0.04960789158940315, 0.5380414724349976, 0.3318256735801697, -0.7748567461967468, -0.6162888407707214, -0.47228384017944336, -0.6301870346069336], "cam_t_m2c": [-71.47592163085938, -37.83455276489258, 867.9598999023438], "obj_id": 1}],
  "128": [{"cam_R_m2c": [-0.6635170578956604, 0.7480418086051941, 0.013362784869968891, 0.4511847496032715, 0.4143231511116028, -0.7904230952262878, -0.596805989742279, -0.5184301137924194, -0.6124154925346375], "cam_t_m2c": [-2.9615612030029297, -39.94561004638672, 832.9486694335938], "obj_id": 1}],
  "129": [{"cam_R_m2c": [-0.7031865119934082, 0.7106738686561584, 0.02171202190220356, 0.43721696734428406, 0.4562881886959076, -0.7750112414360046, -0.5606871843338013, -0.5354845523834229, -0.6315743923187256], "cam_t_m2c": [26.88379669189453, 16.6417236328125, 857.3405151367188], "obj_id": 1}],
  "130": [{"cam_R_m2c": [-0.6869710087776184, 0.7257095575332642, 0.03763322904706001, 0.3483177423477173, 0.37429094314575195, -0.859407365322113, -0.6377659440040588, -0.5772796869277954, -0.5099045038223267], "cam_t_m2c": [-52.54074478149414, 113.53858184814453, 811.5630493164062], "obj_id": 1}],
  "131": [{"cam_R_m2c": [-0.751998782157898, 0.6575363278388977, 0.04630094766616821, 0.3013002276420593, 0.40535968542099, -0.8630768656730652, -0.5862728953361511, -0.6350823044776917, -0.5029457807540894], "cam_t_m2c": [-93.46625518798828, 112.32211303710938, 817.4405517578125], "obj_id": 1}],
