{
  "0": [{"cam_R_m2c": [0.0963059514760971, 0.9940439462661743, 0.0510084293782711, 0.5733206868171692, -0.01350756548345089, -0.819219708442688, -0.8136513829231262, 0.10813993960618973, -0.5712068676948547], "cam_t_m2c": [-105.35772705078125, -117.52107238769531, 1014.87646484375], "obj_id": 1}],
  "1": [{"cam_R_m2c": [0.1133086085319519, 0.9913610219955444, 0.06606525182723999, 0.5854321718215942, -0.012892226688563824, -0.8106189370155334, -0.8027642369270325, 0.13052687048912048, -0.5818354487419128], "cam_t_m2c": [-123.75474548339844, -117.18578338623047, 1020.1072998046875], "obj_id": 1}],
  "2": [{"cam_R_m2c": [0.14122998714447021, 0.9899247288703918, -0.01015656627714634, 0.589968204498291, -0.09239903837442398, -0.8021222352981567, -0.7949790954589844, 0.10729169845581055, -0.5970736742019653], "cam_t_m2c": [-115.48078155517578, -19.458398818969727, 1060.1849365234375], "obj_id": 1}],
  "3": [{"cam_R_m2c": [0.12290427088737488, 0.9918898344039917, 0.03239308297634125, 0.5822490453720093, -0.04563678801059723, -0.8117287158966064, -0.8036670684814453, 0.11862584203481674, -0.5831359028816223], "cam_t_m2c": [-109.7726821899414, -21.694154739379883, 1049.2880859375], "obj_id": 1}],
  "4": [{"cam_R_m2c": [0.10897556692361832, 0.9917516112327576, 0.06747707724571228, 0.6697359085083008, -0.023091142997145653, -0.742240309715271, -0.7345598936080933, 0.12607789039611816, -0.6667280197143555], "cam_t_m2c": [-103.59136199951172, -49.80317687988281, 1025.0753173828125], "obj_id": 1}],
  "5": [{"cam_R_m2c": [0.13388359546661377, 0.9893923997879028, 0.05637279897928238, 0.7166469693183899, -0.057372745126485825, -0.6950723528862, -0.6844649910926819, 0.1334581971168518, -0.7167263627052307], "cam_t_m2c": [-128.30401611328125, 46.541263580322266, 1033.525390625], "obj_id": 1}],
  "6": [{"cam_R_m2c": [0.17219938337802887, 0.9844473004341125, 0.03479820862412453, 0.7241207957267761, -0.10255561769008636, -0.6820054650306702, -0.6678296327590942, 0.14263902604579926, -0.7305187582969666], "cam_t_m2c": [-139.31515502929688, 64.0907974243164, 1025.25732421875], "obj_id": 1}],
  "7": [{"cam_R_m2c": [0.21356163918972015, 0.9768134355545044, 0.01506599597632885, 0.7260401844978333, -0.1483786553144455, -0.6714532375335693, -0.653649091720581, 0.15433518588542938, -0.7408937811851501], "cam_t_m2c": [-148.79452514648438, 87.7551498413086, 1015.2753295898438], "obj_id": 1}],
  "8": [{"cam_R_m2c": [0.24592572450637817, 0.9692578315734863, -0.007731584832072258, 0.7346174120903015, -0.19158323109149933, -0.6508709788322449, -0.632343053817749, 0.15438614785671234, -0.7591489553451538], "cam_t_m2c": [-131.2052001953125, 124.45624542236328, 999.2860107421875], "obj_id": 1}],
  "9": [{"cam_R_m2c": [0.16422884166240692, 0.986132800579071, -0.023895474150776863, 0.7894836068153381, -0.1459254026412964, -0.5961723327636719, -0.5913920998573303, 0.07904361933469772, -0.80250084400177], "cam_t_m2c": [-71.54975891113281, -36.763214111328125, 1015.58837890625], "obj_id": 1}],
  "10": [{"cam_R_m2c": [0.20130865275859833, 0.9795259833335876, -0.001963669201359153, 0.8653160333633423, -0.17877553403377533, -0.4682602286338806, -0.4590240716934204, 0.09256567806005478, -0.8835886120796204], "cam_t_m2c": [-81.23322296142578, -14.284802436828613, 971.7376708984375], "obj_id": 1}],
  "11": [{"cam_R_m2c": [0.28957682847976685, 0.9536977410316467, -0.08127632737159729, 0.7918742299079895, -0.28640660643577576, -0.5393573045730591, -0.5376619696617126, 0.0918247252702713, -0.83814537525177], "cam_t_m2c": [-137.69468688964844, 99.03030395507812, 1045.7255859375], "obj_id": 1}],
  "12": [{"cam_R_m2c": [0.2800205945968628, 0.9579670429229736, -0.06235078349709511, 0.7995321750640869, -0.26867225766181946, -0.5371811389923096, -0.531353771686554, 0.10057033598423004, -0.8411592841148376], "cam_t_m2c": [-135.1995849609375, 102.61967468261719, 1039.404541015625], "obj_id": 1}],
  "13": [{"cam_R_m2c": [0.2540225386619568, 0.9671729803085327, 0.007004887331277132, 0.8674626350402832, -0.22461922466754913, -0.44390869140625, -0.42776304483413696, 0.1188393160700798, -0.8960447907447815], "cam_t_m2c": [-124.9382095336914, 119.98930358886719, 1004.2031860351562], "obj_id": 1}],
  "14": [{"cam_R_m2c": [0.2849077582359314, 0.9577591419219971, 0.0390508696436882, 0.9104084372520447, -0.257623553276062, -0.32370737195014954, -0.2999732792377472, 0.12777897715568542, -0.9453509449958801], "cam_t_m2c": [-143.37734985351562, 123.03919982910156, 989.8681640625], "obj_id": 1}],
  "15": [{"cam_R_m2c": [0.28073441982269287, 0.958730161190033, 0.0449962355196476, 0.9145649671554565, -0.25299271941185, -0.3155403137207031, -0.2911342978477478, 0.12973500788211823, -0.9478447437286377], "cam_t_m2c": [-144.92684936523438, 124.18168640136719, 989.3556518554688], "obj_id": 1}],
  "16": [{"cam_R_m2c": [0.2778345048427582, 0.9589899182319641, 0.05609172210097313, 0.9184024930000305, -0.24804671108722687, -0.30823618173599243, -0.2816820442676544, 0.13715341687202454, -0.9496546387672424], "cam_t_m2c": [-150.30470275878906, 123.25157928466797, 991.3164672851562], "obj_id": 1}],
  "17": [{"cam_R_m2c": [0.2417508214712143, 0.9694818258285522, 0.040761798620224, 0.8912333846092224, -0.20523357391357422, -0.4044530987739563, -0.3837442398071289, 0.1341051608324051, -0.9136499762535095], "cam_t_m2c": [-234.22434997558594, -16.16409683227539, 1013.860107421875], "obj_id": 1}],
  "18": [{"cam_R_m2c": [-0.06093346327543259, 0.9978309869766235, 0.02490880712866783, 0.9453889727592468, 0.06570056825876236, -0.319254070520401, -0.320198118686676, 0.004095255397260189, -0.9473417401313782], "cam_t_m2c": [-223.28907775878906, -74.68712615966797, 1001.3358764648438], "obj_id": 1}],
  "19": [{"cam_R_m2c": [-0.45818206667900085, 0.888839602470398, 0.005779477301985025, 0.8478538990020752, 0.43898820877075195, -0.2973771095275879, -0.26685765385627747, -0.13135269284248352, -0.9547426104545593], "cam_t_m2c": [-181.32992553710938, -118.97554779052734, 1006.373779296875], "obj_id": 1}],
  "20": [{"cam_R_m2c": [-0.45517832040786743, 0.8900805711746216, 0.02385873906314373, 0.8546909689903259, 0.44427892565727234, -0.26855096220970154, -0.24963194131851196, -0.10184673219919205, -0.962969958782196], "cam_t_m2c": [-180.78326416015625, -95.605224609375, 999.0664672851562], "obj_id": 1}],
  "21": [{"cam_R_m2c": [-0.4243089258670807, 0.9049638509750366, 0.03165772184729576, 0.8745537400245667, 0.4186137318611145, -0.24478201568126678, -0.2347712516784668, -0.07617683708667755, -0.9690610766410828], "cam_t_m2c": [-170.793212890625, -61.2560920715332, 990.407470703125], "obj_id": 1}],
  "22": [{"cam_R_m2c": [-0.403550386428833, 0.913681149482727, 0.0483078733086586, 0.8935990333557129, 0.40492188930511475, -0.1936980038881302, -0.19653914868831635, -0.034999050199985504, -0.9798709750175476], "cam_t_m2c": [-148.0493621826172, -35.962913513183594, 977.1135864257812], "obj_id": 1}],
  "23": [{"cam_R_m2c": [-0.3982515037059784, 0.916124701499939, 0.045947540551424026, 0.8980367183685303, 0.39961445331573486, -0.18395185470581055, -0.18688414990901947, -0.031996533274650574, -0.9818606972694397], "cam_t_m2c": [-146.92202758789062, -37.82377243041992, 974.434814453125], "obj_id": 1}],
  "24": [{"cam_R_m2c": [-0.24545258283615112, 0.9686701893806458, 0.03783021494746208, 0.9427592158317566, 0.24761037528514862, -0.22337011992931366, -0.22573912143707275, -0.01916198432445526, -0.9739993810653687], "cam_t_m2c": [-137.84764099121094, -13.031054496765137, 1000.5415649414062], "obj_id": 1}],
  "25": [{"cam_R_m2c": [0.07628947496414185, 0.9963880181312561, 0.03729528188705444, 0.9489787220954895, -0.06107981130480766, -0.30936822295188904, -0.30597278475761414, 0.058993976563215256, -0.9502107501029968], "cam_t_m2c": [-139.83763122558594, -0.39626750349998474, 1000.9885864257812], "obj_id": 1}],
  "26": [{"cam_R_m2c": [0.28801676630973816, 0.938873291015625, 0.188582181930542, 0.7869791984558105, -0.11985461413860321, -0.6052260398864746, -0.5456281900405884, 0.32272547483444214, -0.7733938694000244], "cam_t_m2c": [-181.37010192871094, -38.7745361328125, 1045.400390625], "obj_id": 1}],
  "27": [{"cam_R_m2c": [0.34784722328186035, 0.9197229743003845, 0.1819671094417572, 0.7404748797416687, -0.15045715868473053, -0.6550264954566956, -0.5750645995140076, 0.3625912368297577, -0.7333678603172302], "cam_t_m2c": [-190.31137084960938, -69.20072937011719, 1051.9615478515625], "obj_id": 1}],
  "28": [{"cam_R_m2c": [0.3609364330768585, 0.9248626232147217, 0.1198081448674202, 0.7282639741897583, -0.19927357137203217, -0.6556840538978577, -0.5825430750846863, 0.32391220331192017, -0.7454692721366882], "cam_t_m2c": [-172.7639923095703, -64.45972442626953, 1001.637451171875], "obj_id": 1}],
  "29": [{"cam_R_m2c": [0.4065565764904022, 0.8985718488693237, 0.1651674509048462, 0.7685747146606445, -0.23863139748573303, -0.5935889482498169, -0.4939682185649872, 0.36827102303504944, -0.7876368165016174], "cam_t_m2c": [-230.3043975830078, -25.279170989990234, 986.3927612304688], "obj_id": 1}],
  "30": [{"cam_R_m2c": [0.436040461063385, 0.890134334564209, 0.1323990523815155, 0.759082019329071, -0.28476953506469727, -0.5854063630104065, -0.48338714241981506, 0.3557626008987427, -0.7998560070991516], "cam_t_m2c": [-177.1697235107422, 18.68260383605957, 1032.58251953125], "obj_id": 1}],
  "31": [{"cam_R_m2c": [0.4493894577026367, 0.8841647505760193, 0.12767872214317322, 0.7951261401176453, -0.3307293951511383, -0.5083231925964355, -0.40721431374549866, 0.3299557566642761, -0.8516488075256348], "cam_t_m2c": [-188.72515869140625, 11.43911075592041, 994.4690551757812], "obj_id": 1}],
  "32": [{"cam_R_m2c": [0.47995999455451965, 0.8657971620559692, 0.14154036343097687, 0.8062869906425476, -0.3717513382434845, -0.46011117100715637, -0.34574511647224426, 0.3349571228027344, -0.8765068054199219], "cam_t_m2c": [-210.1658477783203, 17.443164825439453, 969.0656127929688], "obj_id": 1}],
  "33": [{"cam_R_m2c": [0.5173520445823669, 0.8437824845314026, 0.14275158941745758, 0.7823046445846558, -0.39869028329849243, -0.4785870313644409, -0.34690967202186584, 0.35927319526672363, -0.86635822057724], "cam_t_m2c": [-198.38540649414062, 41.73151779174805, 994.1968383789062], "obj_id": 1}],
  "34": [{"cam_R_m2c": [0.5924250483512878, 0.7979992628097534, 0.11058809608221054, 0.7639614343643188, -0.5128960013389587, -0.3915361762046814, -0.2557253837585449, 0.3164408802986145, -0.9134930968284607], "cam_t_m2c": [-195.4036102294922, 77.0992202758789, 996.9133911132812], "obj_id": 1}],
  "35": [{"cam_R_m2c": [0.5934915542602539, 0.7992615699768066, 0.09459719806909561, 0.7641540169715881, -0.5226864814758301, -0.37797799706459045, -0.2526586353778839, 0.29661357402801514, -0.9209689497947693], "cam_t_m2c": [-186.80113220214844, 72.18682098388672, 989.804443359375], "obj_id": 1}],
  "36": [{"cam_R_m2c": [0.5104427933692932, 0.8556666374206543, 0.08533912897109985, 0.6681486964225769, -0.3321813642978668, -0.6657572984695435, -0.5413182377815247, 0.39685022830963135, -0.7412721514701843], "cam_t_m2c": [-198.7607421875, -43.2048454284668, 1010.2362670898438], "obj_id": 1}],
  "37": [{"cam_R_m2c": [0.5043824911117554, 0.8602199554443359, 0.07496652007102966, 0.6486911773681641, -0.32018569111824036, -0.690420925617218, -0.5699106454849243, 0.3968663811683655, -0.7195131778717041], "cam_t_m2c": [-197.5500030517578, -43.46882629394531, 1001.6557006835938], "obj_id": 1}],
  "38": [{"cam_R_m2c": [0.4844747483730316, 0.8705946207046509, 0.08572766929864883, 0.6193732023239136, -0.2721584439277649, -0.7364147901535034, -0.61778724193573, 0.4098718464374542, -0.6710768938064575], "cam_t_m2c": [-178.33120727539062, -54.06845474243164, 993.4906616210938], "obj_id": 1}],
  "39": [{"cam_R_m2c": [0.4975307881832123, 0.8612925410270691, 0.10314232110977173, 0.5571377873420715, -0.2261473834514618, -0.7990337014198303, -0.664876401424408, 0.4550083577632904, -0.5923739075660706], "cam_t_m2c": [-169.62889099121094, -82.70088195800781, 977.3446044921875], "obj_id": 1}],
  "40": [{"cam_R_m2c": [0.6014360785484314, 0.7884165048599243, 0.12912799417972565, 0.5039246082305908, -0.24895161390304565, -0.8270931839942932, -0.6199473142623901, 0.5625144839286804, -0.5470309853553772], "cam_t_m2c": [-248.90036010742188, -88.731689453125, 1003.2459716796875], "obj_id": 1}],
  "41": [{"cam_R_m2c": [0.44870683550834656, 0.8884722590446472, 0.09632876515388489, 0.5887607932090759, -0.21279719471931458, -0.7797935605049133, -0.6723264455795288, 0.406613290309906, -0.6185811758041382], "cam_t_m2c": [-198.96719360351562, -144.9275360107422, 1027.8621826171875], "obj_id": 1}],
  "42": [{"cam_R_m2c": [0.40323567390441895, 0.9099913835525513, 0.09652265906333923, 0.6015661358833313, -0.18411636352539062, -0.7773154377937317, -0.6895789504051208, 0.3715060353279114, -0.6216622591018677], "cam_t_m2c": [-185.15771484375, -149.15574645996094, 1038.9796142578125], "obj_id": 1}],
  "43": [{"cam_R_m2c": [-0.019395163282752037, 0.9360795021057129, 0.3512534499168396, 0.4468539357185364, 0.3223940432071686, -0.834496021270752, -0.8943966627120972, 0.14077378809452057, -0.42454367876052856], "cam_t_m2c": [-73.08906555175781, -10.816669464111328, 1064.8671875], "obj_id": 1}],
  "44": [{"cam_R_m2c": [0.10195031017065048, 0.9905892014503479, 0.09132008254528046, 0.25315600633621216, 0.06294110417366028, -0.9653759002685547, -0.9620386362075806, 0.1215386614203453, -0.24435678124427795], "cam_t_m2c": [-88.32596588134766, 49.14640808105469, 1076.72119140625], "obj_id": 1}],
  "45": [{"cam_R_m2c": [0.06230533495545387, 0.9937753677368164, 0.09235164523124695, 0.3164048492908478, 0.06809099018573761, -0.9461774826049805, -0.9465760588645935, 0.0881725326180458, -0.3101930022239685], "cam_t_m2c": [-101.12483215332031, 16.108413696289062, 1082.7237548828125], "obj_id": 1}],
  "46": [{"cam_R_m2c": [-0.14675159752368927, 0.9738798141479492, 0.1732686460018158, 0.3105221092700958, 0.21166649460792542, -0.926700234413147, -0.9391698241233826, -0.08219100534915924, -0.3334735929965973], "cam_t_m2c": [-99.92687225341797, 61.432586669921875, 1054.1907958984375], "obj_id": 1}],
  "47": [{"cam_R_m2c": [-0.0021191202104091644, 0.9795179963111877, 0.2013452798128128, 0.3028038442134857, 0.19252167642116547, -0.9334051609039307, -0.9530504941940308, 0.05899009108543396, -0.29700976610183716], "cam_t_m2c": [-273.1642761230469, 87.17911529541016, 1044.4244384765625], "obj_id": 1}],
  "48": [{"cam_R_m2c": [0.49032604694366455, 0.864683210849762, 0.10910232365131378, 0.5021938681602478, -0.17799849808216095, -0.8462375402450562, -0.712307333946228, 0.4697228670120239, -0.5215159058570862], "cam_t_m2c": [-138.9591827392578, 92.77787780761719, 1046.42041015625], "obj_id": 1}],
  "49": [{"cam_R_m2c": [0.5349786877632141, 0.8444232940673828, 0.027333613485097885, 0.41495397686958313, -0.23443453013896942, -0.879120945930481, -0.7359422445297241, 0.4816531538963318, -0.4758142828941345], "cam_t_m2c": [-132.337158203125, 59.672386169433594, 1019.1793212890625], "obj_id": 1}],
  "50": [{"cam_R_m2c": [0.5682075023651123, 0.8189225792884827, 0.08066020160913467, 0.3183050751686096, -0.12834233045578003, -0.9392604231834412, -0.7588294744491577, 0.5593693852424622, -0.3335922956466675], "cam_t_m2c": [-188.4342498779297, 94.04728698730469, 1056.570068359375], "obj_id": 1}],
  "51": [{"cam_R_m2c": [0.5846293568611145, 0.8072939515113831, 0.08052875846624374, 0.31064045429229736, -0.1310497522354126, -0.9414501190185547, -0.7494737505912781, 0.5754148960113525, -0.32739371061325073], "cam_t_m2c": [-202.23773193359375, 88.68328857421875, 1051.0672607421875], "obj_id": 1}],
  "52": [{"cam_R_m2c": [0.4465932250022888, 0.7839754223823547, 0.43120405077934265, 0.47218015789985657, 0.2028549164533615, -0.8578436374664307, -0.7600002288818359, 0.5867131352424622, -0.27958402037620544], "cam_t_m2c": [-222.7109832763672, -15.288595199584961, 1014.5579833984375], "obj_id": 1}],
  "53": [{"cam_R_m2c": [0.4091053903102875, 0.8369594812393188, 0.36349907517433167, 0.36290037631988525, 0.21626539528369904, -0.9063843488693237, -0.83721923828125, 0.5027207136154175, -0.21525757014751434], "cam_t_m2c": [-154.13792419433594, 5.098231315612793, 1060.8831787109375], "obj_id": 1}],
  "54": [{"cam_R_m2c": [0.4221576452255249, 0.8377781510353088, 0.34628117084503174, 0.35243096947669983, 0.20026163756847382, -0.9141595363616943, -0.8352097272872925, 0.5079596638679504, -0.21071699261665344], "cam_t_m2c": [-169.51841735839844, 1.4776848554611206, 1064.3702392578125], "obj_id": 1}],
  "55": [{"cam_R_m2c": [0.21502596139907837, 0.8666313290596008, 0.45023804903030396, 0.3384997844696045, 0.36630648374557495, -0.8667397499084473, -0.9160688519477844, 0.3387771248817444, -0.2145891636610031], "cam_t_m2c": [-116.53645324707031, 15.935718536376953, 1065.5887451171875], "obj_id": 1}],
  "56": [{"cam_R_m2c": [0.19286507368087769, 0.8726988434791565, 0.4485529661178589, 0.33153074979782104, 0.37229520082473755, -0.8668815493583679, -0.9235206842422485, 0.3159002661705017, -0.21752376854419708], "cam_t_m2c": [-121.91593170166016, 12.07060718536377, 1059.0052490234375], "obj_id": 1}],
  "57": [{"cam_R_m2c": [0.06968118250370026, 0.9739333391189575, 0.21586695313453674, 0.6740584373474121, 0.11355146765708923, -0.72989821434021, -0.7353842258453369, 0.19636717438697815, -0.6485756039619446], "cam_t_m2c": [-147.2095947265625, 41.71879196166992, 1010.5042724609375], "obj_id": 1}],
  "58": [{"cam_R_m2c": [-0.35302332043647766, 0.9265023469924927, 0.1302615851163864, 0.6057485938072205, 0.3324400782585144, -0.7228778004646301, -0.7130520939826965, -0.17628689110279083, -0.6785866022109985], "cam_t_m2c": [0.4216209053993225, -17.027687072753906, 1069.333984375], "obj_id": 1}],
  "59": [{"cam_R_m2c": [-0.5031934380531311, 0.858540952205658, 0.09850744158029556, 0.5557153820991516, 0.4087699055671692, -0.7239389419555664, -0.6617981195449829, -0.30953922867774963, -0.6827947497367859], "cam_t_m2c": [76.78446197509766, -53.77949905395508, 1066.3638916015625], "obj_id": 1}],
  "60": [{"cam_R_m2c": [-0.5417168736457825, 0.839079737663269, 0.049879834055900574, 0.545524001121521, 0.3961007297039032, -0.7385849952697754, -0.6394891142845154, -0.3728933334350586, -0.6723125576972961], "cam_t_m2c": [94.22169494628906, -61.04767608642578, 1051.8052978515625], "obj_id": 1}],
  "61": [{"cam_R_m2c": [-0.32221323251724243, 0.9453133940696716, 0.0506080761551857, 0.6046309471130371, 0.2466363161802292, -0.7573584914207458, -0.7284229397773743, -0.21343174576759338, -0.6510351896286011], "cam_t_m2c": [1.3968199491500854, -88.26020050048828, 1070.7080078125], "obj_id": 1}],
  "62": [{"cam_R_m2c": [-0.339566171169281, 0.9397061467170715, 0.04058432579040527, 0.6130994558334351, 0.25385525822639465, -0.7481086254119873, -0.713304877281189, -0.22915019094944, -0.6623339653015137], "cam_t_m2c": [27.224773406982422, -92.92979431152344, 1018.2528686523438], "obj_id": 1}],
  "63": [{"cam_R_m2c": [-0.4540770649909973, 0.7655956745147705, 0.45571643114089966, 0.3079337179660797, 0.6148223280906677, -0.7260649800300598, -0.8360568284988403, -0.1893589198589325, -0.514929473400116], "cam_t_m2c": [-134.89503479003906, -52.819175720214844, 1067.1314697265625], "obj_id": 1}],
  "64": [{"cam_R_m2c": [-0.4040212631225586, 0.8149257302284241, 0.41552725434303284, 0.5480846166610718, 0.5793445110321045, -0.6032936573028564, -0.7323729395866394, -0.01599935069680214, -0.6807157397270203], "cam_t_m2c": [-241.18504333496094, -55.39023971557617, 1010.7218017578125], "obj_id": 1}],
  "65": [{"cam_R_m2c": [-0.3661231994628906, 0.835631787776947, 0.4094792902469635, 0.6197801232337952, 0.5472034811973572, -0.5625308156013489, -0.6941371560096741, 0.04783151298761368, -0.7182518243789673], "cam_t_m2c": [-255.5193328857422, -80.90811920166016, 982.4530639648438], "obj_id": 1}],
  "66": [{"cam_R_m2c": [-0.2849370241165161, 0.8572489619255066, 0.42887645959854126, 0.6834315657615662, 0.49541059136390686, -0.5361806154251099, -0.6721101999282837, 0.1403300017118454, -0.7270318269729614], "cam_t_m2c": [-278.5359802246094, -74.24642181396484, 948.5360107421875], "obj_id": 1}],
  "67": [{"cam_R_m2c": [-0.49692302942276, 0.8503654599189758, 0.17304877936840057, 0.6313410997390747, 0.49107563495635986, -0.6002108454704285, -0.5953786373138428, -0.18900585174560547, -0.7808974385261536], "cam_t_m2c": [-90.70730590820312, -65.62604522705078, 1018.6728515625], "obj_id": 1}],
  "68": [{"cam_R_m2c": [-0.616374135017395, 0.7685986161231995, 0.17128628492355347, 0.5526737570762634, 0.5771881937980652, -0.6011700630187988, -0.5609229207038879, -0.27588027715682983, -0.7805482149124146], "cam_t_m2c": [-55.1617431640625, -45.221378326416016, 1013.9876708984375], "obj_id": 1}],
  "69": [{"cam_R_m2c": [-0.558690071105957, 0.8127762675285339, 0.16510650515556335, 0.63885498046875, 0.5486853122711182, -0.53926682472229, -0.5288947820663452, -0.1958039253950119, -0.8257911801338196], "cam_t_m2c": [-83.1849136352539, -51.29258728027344, 999.8692016601562], "obj_id": 1}],
  "70": [{"cam_R_m2c": [-0.553021252155304, 0.818375825881958, 0.1562958061695099, 0.6563101410865784, 0.5434583425521851, -0.5233641266822815, -0.5132488012313843, -0.18685297667980194, -0.8376523852348328], "cam_t_m2c": [-77.87210083007812, -51.54044723510742, 1013.9915771484375], "obj_id": 1}],
  "71": [{"cam_R_m2c": [0.09769536554813385, 0.9788589477539062, 0.17969653010368347, 0.667094886302948, 0.0695827305316925, -0.7417160868644714, -0.7385391592979431, 0.19233687222003937, -0.6461938619613647], "cam_t_m2c": [-101.53656768798828, -32.263710021972656, 1017.5463256835938], "obj_id": 1}],
  "72": [{"cam_R_m2c": [-0.12917912006378174, 0.9780656099319458, 0.16340336203575134, 0.7054482698440552, 0.20644935965538025, -0.6780277490615845, -0.6968900561332703, 0.027685653418302536, -0.7166436314582825], "cam_t_m2c": [-109.1710205078125, -33.0401725769043, 1007.8829345703125], "obj_id": 1}],
  "73": [{"cam_R_m2c": [0.47359371185302734, 0.8658414483070374, -0.16133084893226624, 0.7227683067321777, -0.4867480397224426, -0.4905940592288971, -0.5033040642738342, 0.11573746055364609, -0.8563235998153687], "cam_t_m2c": [-211.16537475585938, 36.72420120239258, 920.3770751953125], "obj_id": 1}],
  "74": [{"cam_R_m2c": [-0.03130485117435455, 0.9927172660827637, -0.11632966250181198, 0.7637658715248108, -0.05131661891937256, -0.6434504389762878, -0.6447339057922363, -0.10899169743061066, -0.756597101688385], "cam_t_m2c": [-157.62962341308594, -124.81777954101562, 1004.8710327148438], "obj_id": 1}],
  "75": [{"cam_R_m2c": [-0.07825351506471634, 0.9957237839698792, -0.04909882694482803, 0.5476253032684326, 0.001779048703610897, -0.8367218971252441, -0.8330564498901367, -0.0923641249537468, -0.5454227328300476], "cam_t_m2c": [-134.50270080566406, -82.18482208251953, 1020.3409423828125], "obj_id": 1}],
  "76": [{"cam_R_m2c": [-0.08618513494729996, 0.9941356182098389, -0.0653197392821312, 0.521441638469696, -0.010855249129235744, -0.8532179594039917, -0.84892338514328, -0.1075950562953949, -0.5174482464790344], "cam_t_m2c": [-119.51153564453125, -96.635009765625, 1014.4284057617188], "obj_id": 1}],
  "77": [{"cam_R_m2c": [0.0748603567481041, 0.946358859539032, -0.31432580947875977, 0.2628377377986908, -0.32278940081596375, -0.9092431664466858, -0.9619314074516296, -0.014550497755408287, -0.27290284633636475], "cam_t_m2c": [-194.72801208496094, 82.9142837524414, 1062.91650390625], "obj_id": 1}],
  "78": [{"cam_R_m2c": [0.009793761186301708, 0.948452889919281, -0.3167666792869568, 0.2015375941991806, -0.31215330958366394, -0.9284087419509888, -0.9794317483901978, -0.054747819900512695, -0.19420602917671204], "cam_t_m2c": [-159.08633422851562, 61.505516052246094, 1025.76513671875], "obj_id": 1}],
  "79": [{"cam_R_m2c": [0.239689439535141, 0.9226592183113098, -0.3020744323730469, 0.16307292878627777, -0.3449857831001282, -0.9243332743644714, -0.9570559859275818, 0.1722927689552307, -0.2331501841545105], "cam_t_m2c": [-225.4175567626953, 90.54315948486328, 977.8886108398438], "obj_id": 1}],
  "80": [{"cam_R_m2c": [0.18978765606880188, 0.9718984365463257, -0.1392625868320465, 0.27587375044822693, -0.18891370296478271, -0.9424464106559753, -0.942270815372467, 0.1404457837343216, -0.3039747476577759], "cam_t_m2c": [-179.12478637695312, 27.455671310424805, 1003.124267578125], "obj_id": 1}],
  "81": [{"cam_R_m2c": [0.27584290504455566, 0.9611678719520569, 0.008183049038052559, 0.5873256921768188, -0.1618034690618515, -0.7930120229721069, -0.7608936429023743, 0.22355282306671143, -0.6091508865356445], "cam_t_m2c": [-228.780029296875, -32.25547409057617, 968.7658081054688], "obj_id": 1}],
  "82": [{"cam_R_m2c": [0.39779460430145264, 0.8998506665229797, 0.17896448075771332, 0.49016618728637695, -0.04355140030384064, -0.8705403804779053, -0.7755621671676636, 0.43401864171028137, -0.4584009051322937], "cam_t_m2c": [-199.17510986328125, -33.57270431518555, 942.2562255859375], "obj_id": 1}],
  "83": [{"cam_R_m2c": [0.35952168703079224, 0.8964880704879761, 0.25894641876220703, 0.5066779851913452, 0.04548224061727524, -0.860934853553772, -0.7835953235626221, 0.44072720408439636, -0.43787890672683716], "cam_t_m2c": [-198.4110870361328, -62.2884407043457, 931.2542724609375], "obj_id": 1}],
  "84": [{"cam_R_m2c": [0.2957814931869507, 0.9310570955276489, 0.21364924311637878, 0.4376901090145111, 0.06670647114515305, -0.8966479897499084, -0.8490822315216064, 0.35872405767440796, -0.387783944606781], "cam_t_m2c": [-184.541259765625, -119.22867584228516, 934.0828857421875], "obj_id": 1}],
  "85": [{"cam_R_m2c": [0.22162163257598877, 0.947682797908783, 0.22974137961864471, 0.3594420254230499, 0.1396184116601944, -0.9226635694503784, -0.9064685106277466, 0.28706085681915283, -0.3096945285797119], "cam_t_m2c": [-159.3462371826172, -72.13677978515625, 936.7631225585938], "obj_id": 1}],
  "86": [{"cam_R_m2c": [0.2376495748758316, 0.9355518817901611, 0.2612760066986084, 0.3548589050769806, 0.16677051782608032, -0.919925332069397, -0.9042111039161682, 0.3113359212875366, -0.2923559546470642], "cam_t_m2c": [-159.8587188720703, -108.75279998779297, 922.970703125], "obj_id": 1}],
  "87": [{"cam_R_m2c": [0.3880372941493988, 0.8877345323562622, 0.24769827723503113, 0.5663117170333862, -0.01762465015053749, -0.8240026831626892, -0.7271300554275513, 0.46001821756362915, -0.5095734596252441], "cam_t_m2c": [-236.85906982421875, -108.73699188232422, 868.7955322265625], "obj_id": 1}],
  "88": [{"cam_R_m2c": [0.43295818567276, 0.8957563638687134, 0.10083520412445068, 0.551766037940979, -0.17489710450172424, -0.8154540657997131, -0.7128124237060547, 0.4086949825286865, -0.5699710845947266], "cam_t_m2c": [-221.8173065185547, -32.68889236450195, 865.784912109375], "obj_id": 1}],
  "89": [{"cam_R_m2c": [0.4941529929637909, 0.8683714866638184, 0.04175853729248047, 0.5906761288642883, -0.3001091778278351, -0.7490234375, -0.6378985047340393, 0.3947979509830475, -0.6612261533737183], "cam_t_m2c": [-227.8331756591797, -33.23199462890625, 891.1163330078125], "obj_id": 1}],
  "90": [{"cam_R_m2c": [0.4908550977706909, 0.8711205720901489, -0.014494930393993855, 0.6802182197570801, -0.3935757577419281, -0.618385910987854, -0.5443935990333557, 0.2936781346797943, -0.7857407927513123], "cam_t_m2c": [-189.52313232421875, -63.2325553894043, 900.703857421875], "obj_id": 1}],
  "91": [{"cam_R_m2c": [0.6532427072525024, 0.7536903619766235, -0.07228292524814606, 0.5781750082969666, -0.5581916570663452, -0.5950930118560791, -0.48886358737945557, 0.3469479978084564, -0.8003996014595032], "cam_t_m2c": [-150.84951782226562, 0.8985698223114014, 905.6154174804688], "obj_id": 1}],
  "92": [{"cam_R_m2c": [0.7051148414611816, 0.7042418718338013, -0.08280374109745026, 0.5973475575447083, -0.6528543829917908, -0.46578627824783325, -0.38208502531051636, 0.2789701819419861, -0.8810144662857056], "cam_t_m2c": [-168.677978515625, -57.78752136230469, 900.2631225585938], "obj_id": 1}],
  "93": [{"cam_R_m2c": [0.7363036870956421, 0.6732778549194336, -0.06748206168413162, 0.573447585105896, -0.6738300919532776, -0.46595150232315063, -0.3591862916946411, 0.30438438057899475, -0.8822331428527832], "cam_t_m2c": [-143.74024963378906, -50.65507507324219, 871.2549438476562], "obj_id": 1}],
  "94": [{"cam_R_m2c": [0.7724117040634155, 0.6331439018249512, -0.050089575350284576, 0.5260799527168274, -0.6819918155670166, -0.5080621838569641, -0.3558371365070343, 0.3660820722579956, -0.8598628044128418], "cam_t_m2c": [-140.62213134765625, -62.95457458496094, 879.656494140625], "obj_id": 1}],
  "95": [{"cam_R_m2c": [0.7444807887077332, 0.6655097603797913, -0.05333971604704857, 0.5423810482025146, -0.6494561433792114, -0.5329443216323853, -0.3893214464187622, 0.3678363263607025, -0.8444675207138062], "cam_t_m2c": [-147.90347290039062, -38.35691452026367, 913.521484375], "obj_id": 1}],
  "96": [{"cam_R_m2c": [-0.7600395679473877, 0.6333085298538208, 0.14580729603767395, 0.45405977964401245, 0.6780058741569519, -0.578046441078186, -0.46494001150131226, -0.3731330633163452, -0.8028711676597595], "cam_t_m2c": [19.34686279296875, -93.81478881835938, 1001.1754150390625], "obj_id": 1}],
  "97": [{"cam_R_m2c": [-0.7613404393196106, 0.6370874047279358, 0.12033439427614212, 0.46028319001197815, 0.6618192195892334, -0.5917218327522278, -0.45661813020706177, -0.39511382579803467, -0.797110378742218], "cam_t_m2c": [-7.369734287261963, -85.26409912109375, 1014.4618530273438], "obj_id": 1}],
  "98": [{"cam_R_m2c": [-0.7210997343063354, 0.672026515007019, 0.16850943863391876, 0.5151103138923645, 0.6826813220977783, -0.5182737112045288, -0.4633319079875946, -0.2869260907173157, -0.8384490609169006], "cam_t_m2c": [-62.91341781616211, 4.51650857925415, 985.2738647460938], "obj_id": 1}],
  "99": [{"cam_R_m2c": [-0.7133590579032898, 0.6772890090942383, 0.1799953728914261, 0.5344477891921997, 0.6919124722480774, -0.48540985584259033, -0.45330381393432617, -0.2500734031200409, -0.8555576205253601], "cam_t_m2c": [-83.4629135131836, 21.417766571044922, 971.9171142578125], "obj_id": 1}],
  "100": [{"cam_R_m2c": [0.13113942742347717, 0.9847806692123413, 0.11405926942825317, 0.46449747681617737, 0.040605753660202026, -0.8846430778503418, -0.8758108019828796, 0.1689918488264084, -0.4521031379699707], "cam_t_m2c": [-85.82202911376953, 41.806209564208984, 904.4669799804688], "obj_id": 1}],
  "101": [{"cam_R_m2c": [-0.10767044126987457, 0.9863457679748535, 0.12461605668067932, 0.4913938641548157, 0.16176167130470276, -0.8557834029197693, -0.8642564415931702, -0.030907005071640015, -0.5021011829376221], "cam_t_m2c": [-79.59021759033203, 4.885202407836914, 927.3423461914062], "obj_id": 1}],
  "102": [{"cam_R_m2c": [-0.28130194544792175, 0.9552239179611206, 0.09173979610204697, 0.46474358439445496, 0.21925151348114014, -0.8578706383705139, -0.8395727276802063, -0.19868530333042145, -0.5056100487709045], "cam_t_m2c": [-33.55442810058594, -1.8323733806610107, 913.9354248046875], "obj_id": 1}],
  "103": [{"cam_R_m2c": [-0.29119426012039185, 0.9524985551834106, 0.08917716890573502, 0.46479982137680054, 0.22233723104000092, -0.8570457100868225, -0.8361621499061584, -0.20811720192432404, -0.5074645280838013], "cam_t_m2c": [-35.02630615234375, -7.056241035461426, 915.3109741210938], "obj_id": 1}],
  "104": [{"cam_R_m2c": [-0.2611696422100067, 0.9580391049385071, 0.11811614781618118, 0.5684559345245361, 0.2515406906604767, -0.7833167314529419, -0.7801591157913208, -0.13743475079536438, -0.6102977991104126], "cam_t_m2c": [-65.3828353881836, 22.217071533203125, 892.987060546875], "obj_id": 1}],
  "105": [{"cam_R_m2c": [-0.14809037744998932, 0.9837509393692017, 0.10150624066591263, 0.6875999569892883, 0.1761896163225174, -0.7043887972831726, -0.7108274698257446, -0.03451747074723244, -0.7025191187858582], "cam_t_m2c": [-125.24357604980469, 27.813901901245117, 849.923095703125], "obj_id": 1}],
  "106": [{"cam_R_m2c": [0.02608276717364788, 0.9962261915206909, 0.08278380334377289, 0.7641018629074097, 0.03352786600589752, -0.6442238092422485, -0.6445682048797607, 0.08005841821432114, -0.7603437900543213], "cam_t_m2c": [-186.64205932617188, 61.13296127319336, 827.6766357421875], "obj_id": 1}],
  "107": [{"cam_R_m2c": [0.025875791907310486, 0.9985066056251526, 0.04811425134539604, 0.8548307418823242, 0.0028513369616121054, -0.5188990235328674, -0.5182612538337708, 0.05455644801259041, -0.853480339050293], "cam_t_m2c": [-85.78447723388672, 18.73228645324707, 828.5021362304688], "obj_id": 1}],
  "108": [{"cam_R_m2c": [0.05525362491607666, 0.9981228113174438, 0.026416145265102386, 0.8722776770591736, -0.03537893295288086, -0.48772934079170227, -0.48587921261787415, 0.04999101534485817, -0.8725950717926025], "cam_t_m2c": [-112.69257354736328, 12.614352226257324, 805.0401000976562], "obj_id": 1}],
  "109": [{"cam_R_m2c": [0.05183055251836777, 0.9983002543449402, 0.026651090011000633, 0.880382776260376, -0.03307819738984108, -0.4731089770793915, -0.4714232087135315, 0.047984685748815536, -0.8806008696556091], "cam_t_m2c": [-115.85677337646484, 25.635339736938477, 798.2380981445312], "obj_id": 1}],
  "110": [{"cam_R_m2c": [0.07981077581644058, 0.9907535314559937, -0.10971564799547195, 0.9597626328468323, -0.1061057299375534, -0.2599942982196808, -0.26923176646232605, -0.08455067127943039, -0.9593565464019775], "cam_t_m2c": [-79.10013580322266, -52.944705963134766, 703.5030517578125], "obj_id": 1}],
  "111": [{"cam_R_m2c": [0.09481500834226608, 0.9953149557113647, -0.018924713134765625, 0.938174843788147, -0.09569699317216873, -0.3326709568500519, -0.33292344212532043, 0.01378749217838049, -0.9428529739379883], "cam_t_m2c": [-122.7750473022461, -33.56698989868164, 801.228271484375], "obj_id": 1}],
  "112": [{"cam_R_m2c": [0.055068712681531906, 0.9984754920005798, 0.0037657897919416428, 0.9534792900085449, -0.05146688595414162, -0.29703289270401, -0.2963862419128418, 0.0199478380382061, -0.9548599123954773], "cam_t_m2c": [-132.57505798339844, -0.7378405332565308, 824.70068359375], "obj_id": 1}],
  "113": [{"cam_R_m2c": [0.06480619311332703, 0.9977949261665344, 0.014339122921228409, 0.9683131575584412, -0.0594056136906147, -0.24257111549377441, -0.24118438363075256, 0.029604891315102577, -0.9700278639793396], "cam_t_m2c": [-132.5044403076172, 33.50516128540039, 793.3871459960938], "obj_id": 1}],
  "114": [{"cam_R_m2c": [0.05256758630275726, 0.9980565905570984, 0.03346194326877594, 0.9735628962516785, -0.04376119375228882, -0.2241881638765335, -0.2222881317138672, 0.04436234384775162, -0.9739713072776794], "cam_t_m2c": [-121.51679992675781, 50.29610824584961, 780.3245849609375], "obj_id": 1}],
  "115": [{"cam_R_m2c": [0.05912028253078461, 0.995866060256958, 0.06896012276411057, 0.945706307888031, -0.033757518976926804, -0.32326436042785645, -0.31960007548332214, 0.08432748913764954, -0.9437925815582275], "cam_t_m2c": [-111.79859924316406, 53.72300338745117, 798.661376953125], "obj_id": 1}],
  "116": [{"cam_R_m2c": [-0.018240638077259064, 0.9964480996131897, 0.08221074938774109, 0.9313123822212219, 0.04684819281101227, -0.3611960709095001, -0.36376455426216125, 0.06997546553611755, -0.9288589954376221], "cam_t_m2c": [-113.30313110351562, 57.65873718261719, 800.7557983398438], "obj_id": 1}],
  "117": [{"cam_R_m2c": [-0.03735344856977463, 0.9987282752990723, 0.033859655261039734, 0.6450196504592896, 0.04997628554701805, -0.7625299692153931, -0.7632524371147156, -0.006642988882958889, -0.6460661888122559], "cam_t_m2c": [-102.09540557861328, -18.388427734375, 877.91064453125], "obj_id": 1}],
  "118": [{"cam_R_m2c": [0.03736419230699539, 0.9967207908630371, 0.07177451252937317, 0.6817377805709839, 0.027090199291706085, -0.7310948967933655, -0.7306418418884277, 0.0762481838464737, -0.6784900426864624], "cam_t_m2c": [-133.9564208984375, -28.649457931518555, 872.08203125], "obj_id": 1}],
  "119": [{"cam_R_m2c": [0.057128969579935074, 0.9951341152191162, 0.08027714490890503, 0.7248437404632568, 0.013950884342193604, -0.6887720823287964, -0.6865405440330505, 0.09753725677728653, -0.7205197811126709], "cam_t_m2c": [-158.66981506347656, -19.66228675842285, 850.1760864257812], "obj_id": 1}],
  "120": [{"cam_R_m2c": [0.2268633395433426, 0.9661188721656799, 0.12307509779930115, 0.639254093170166, -0.05237346515059471, -0.7672101855278015, -0.7347702980041504, 0.2527281641960144, -0.6294770836830139], "cam_t_m2c": [-161.75942993164062, -1.0038379430770874, 876.2588500976562], "obj_id": 1}],
  "121": [{"cam_R_m2c": [0.4260745346546173, 0.9039647579193115, 0.036168698221445084, 0.3486267328262329, -0.12716741859912872, -0.9285945296287537, -0.8348172307014465, 0.4082598388195038, -0.3693290650844574], "cam_t_m2c": [-172.82701110839844, -28.314739227294922, 864.6205444335938], "obj_id": 1}],
  "122": [{"cam_R_m2c": [0.34692373871803284, 0.9375690817832947, 0.024659041315317154, 0.34582576155662537, -0.10343620181083679, -0.9325799942016602, -0.8718075752258301, 0.3320618271827698, -0.3601199984550476], "cam_t_m2c": [-144.8437957763672, -14.112144470214844, 833.8677978515625], "obj_id": 1}],
  "123": [{"cam_R_m2c": [0.2337777316570282, 0.9721027612686157, -0.019086405634880066, 0.20358280837535858, -0.06813536584377289, -0.976684033870697, -0.9507376551628113, 0.22444136440753937, -0.21383197605609894], "cam_t_m2c": [-141.05581665039062, 6.6888017654418945, 872.8103637695312], "obj_id": 1}],
  "124": [{"cam_R_m2c": [-0.10401209443807602, 0.9124758243560791, 0.39568841457366943, 0.2533435523509979, 0.4090302288532257, -0.8766477704048157, -0.961768388748169, 0.009063120000064373, -0.27371394634246826], "cam_t_m2c": [-51.0555534362793, -97.63846588134766, 926.3145141601562], "obj_id": 1}],
  "125": [{"cam_R_m2c": [-0.13482129573822021, 0.8961949944496155, 0.4226793348789215, 0.328647643327713, 0.44287145137786865, -0.8341796398162842, -0.9347801804542542, 0.026447400450706482, -0.35424086451530457], "cam_t_m2c": [-75.21623229980469, -108.50623321533203, 921.6923828125], "obj_id": 1}],
  "126": [{"cam_R_m2c": [-0.3109338581562042, 0.8615866303443909, 0.4012340307235718, 0.2955872714519501, 0.488886296749115, -0.8207426071166992, -0.9032986164093018, -0.1365969479084015, -0.40668535232543945], "cam_t_m2c": [-42.401832580566406, -88.11045837402344, 926.912841796875], "obj_id": 1}],
  "127": [{"cam_R_m2c": [0.18418672680854797, 0.9723802208900452, 0.1433592140674591, 0.8562262058258057, -0.08711250871419907, -0.509203314781189, -0.48265087604522705, 0.21653641760349274, -0.8486224412918091], "cam_t_m2c": [-178.49195861816406, 21.204809188842773, 813.9969482421875], "obj_id": 1}],
  "128": [{"cam_R_m2c": [0.3926507234573364, 0.9120650291442871, 0.11816401779651642, 0.8534972071647644, -0.313510537147522, -0.4162375032901764, -0.3425900340080261, 0.26428863406181335, -0.9015451073646545], "cam_t_m2c": [-173.6358642578125, -43.00242614746094, 791.6127319335938], "obj_id": 1}],
  "129": [{"cam_R_m2c": [0.3740067183971405, 0.9196889400482178, 0.11954613029956818, 0.8594731092453003, -0.29527974128723145, -0.41727209091186523, -0.34846097230911255, 0.25880923867225647, -0.9008845090866089], "cam_t_m2c": [-165.26522827148438, -47.98942184448242, 794.4768676757812], "obj_id": 1}],
  "130": [{"cam_R_m2c": [0.4823523759841919, 0.8757032155990601, 0.021910401061177254, 0.7666915059089661, -0.40994447469711304, -0.4940948188304901, -0.423698365688324, 0.25512632727622986, -0.8691319227218628], "cam_t_m2c": [-79.39305114746094, 32.743919372558594, 862.6565551757812], "obj_id": 1}],
  "131": [{"cam_R_m2c": [0.6670529842376709, 0.7449959516525269, 0.004614696372300386, 0.715017557144165, -0.6384465098381042, -0.28484341502189636, -0.2092609703540802, 0.19330523908138275, -0.9585628509521484], "cam_t_m2c": [-100.95478057861328, -23.872968673706055, 870.9408569335938], "obj_id": 1}],
