{
  "0": [{"cam_R_m2c": [0.5468191504478455, -0.4766054153442383, 0.6883575916290283, -0.7134048342704773, -0.695563018321991, 0.0851220041513443, 0.4382264018058777, -0.537623941898346, -0.7203598022460938], "cam_t_m2c": [219.72349548339844, 108.52821350097656, 1017.9078369140625], "obj_id": 1}, {"cam_R_m2c": [0.9461538195610046, 0.01623646542429924, 0.32330986857414246, 0.20057933032512665, -0.8133239150047302, -0.5461428761482239, 0.25408825278282166, 0.5815844535827637, -0.7727862596511841], "cam_t_m2c": [245.4337158203125, -187.6676025390625, 1267.14013671875], "obj_id": 1}, {"cam_R_m2c": [0.6932429671287537, 0.3485119938850403, 0.6308355927467346, -0.4488834738731384, -0.47599726915359497, 0.7562605738639832, 0.5638419389724731, -0.8074440360069275, -0.17354047298431396], "cam_t_m2c": [9.313225746154785e-06, -3.725290298461914e-06, 1260.5845947265625], "obj_id": 3}],
  "1": [{"cam_R_m2c": [-0.7998046278953552, -0.09580987691879272, -0.5925647616386414, 0.2620254456996918, -0.9438862204551697, -0.20105065405368805, -0.5400511026382446, -0.31606829166412354, 0.780029296875], "cam_t_m2c": [-143.03604125976562, -37.13364791870117, 1391.2822265625], "obj_id": 1}, {"cam_R_m2c": [-0.6063387393951416, -0.41585981845855713, -0.6778009533882141, 0.7159343957901001, 0.08550404757261276, -0.6929120421409607, 0.3461090326309204, -0.9054003357887268, 0.24588385224342346], "cam_t_m2c": [-305.52667236328125, 31.721792221069336, 1045.7890625], "obj_id": 1}, {"cam_R_m2c": [-0.7456020712852478, -0.6612232327461243, -0.08283257484436035, 0.5446650981903076, -0.6762977242469788, 0.4959447383880615, -0.3839496970176697, 0.3246614634990692, 0.8643943071365356], "cam_t_m2c": [-7.683411240577698e-06, 5.122274160385132e-05, 1079.656494140625], "obj_id": 3}],
  "2": [{"cam_R_m2c": [-0.9392152428627014, -0.22154878079891205, 0.2622795104980469, 0.20144395530223846, 0.2630079686641693, 0.9435290098190308, -0.2780193090438843, 0.9390116333961487, -0.20239129662513733], "cam_t_m2c": [-50.06652069091797, 32.82395553588867, 1205.8663330078125], "obj_id": 1}, {"cam_R_m2c": [-0.27953407168388367, -0.3196040689945221, -0.9053804278373718, 0.9460885524749756, -0.2523996829986572, -0.20300422608852386, -0.16363684833049774, -0.9133167266845703, 0.3729281723499298], "cam_t_m2c": [-231.95701599121094, -235.41741943359375, 1059.1519775390625], "obj_id": 1}, {"cam_R_m2c": [-0.6771242618560791, -0.580237627029419, -0.4525778591632843, -0.6230948567390442, 0.12490298599004745, 0.7721087336540222, -0.3914782702922821, 0.8048126101493835, -0.4461177885532379], "cam_t_m2c": [-3.91155481338501e-05, 0.00012479722499847412, 1096.635986328125], "obj_id": 3}],
  "3": [{"cam_R_m2c": [-0.06201628968119621, 0.7206457257270813, -0.6905242800712585, -0.7890560030937195, 0.3882656395435333, 0.4760676920413971, 0.6111829876899719, 0.5743862390518188, 0.5445510149002075], "cam_t_m2c": [89.63495635986328, 27.091476440429688, 1149.4168701171875], "obj_id": 1}, {"cam_R_m2c": [-0.5063550472259521, -0.5513696670532227, 0.6630203127861023, 0.0733884796500206, -0.7936395406723022, -0.6039456129074097, 0.8591964840888977, -0.25715288519859314, 0.44232767820358276], "cam_t_m2c": [145.98545837402344, -291.55499267578125, 1001.5935668945312], "obj_id": 1}, {"cam_R_m2c": [0.16058027744293213, 0.7756316065788269, -0.6104176640510559, -0.9634730219841003, -0.011110831052064896, -0.26757529377937317, -0.214322030544281, 0.6310882568359375, 0.745515763759613], "cam_t_m2c": [-5.8673322200775146e-05, 0.0001802109181880951, 1067.2769775390625], "obj_id": 3}],
  "4": [{"cam_R_m2c": [-0.38404369354248047, -0.38943231105804443, -0.8371695876121521, 0.6708874702453613, -0.74064701795578, 0.03676886484026909, -0.6343661546707153, -0.5475257039070129, 0.5457060933113098], "cam_t_m2c": [-12.64770221710205, -47.39198684692383, 941.012939453125], "obj_id": 1}, {"cam_R_m2c": [-0.07329608500003815, -0.9023187756538391, -0.4247922897338867, -0.9912646412849426, 0.11274074018001556, -0.06843868643045425, 0.10964489728212357, 0.4160653054714203, -0.9027001857757568], "cam_t_m2c": [-307.5894775390625, 163.74159240722656, 1183.7236328125], "obj_id": 1}, {"cam_R_m2c": [-0.4752790629863739, -0.13705582916736603, -0.8690946102142334, 0.47265201807022095, -0.8729279041290283, -0.1208173856139183, -0.7420982718467712, -0.46820133924484253, 0.4796641170978546], "cam_t_m2c": [0.00011548399925231934, -2.7939677238464355e-05, 1186.2635498046875], "obj_id": 3}],
  "5": [{"cam_R_m2c": [-0.3812845051288605, -0.6249748468399048, -0.6811962127685547, 0.6748114228248596, -0.6917982697486877, 0.2569911479949951, -0.631863534450531, -0.36169224977493286, 0.685512363910675], "cam_t_m2c": [-72.84454345703125, -65.89789581298828, 1009.8447875976562], "obj_id": 1}, {"cam_R_m2c": [-0.22754016518592834, -0.7574423551559448, -0.611969530582428, -0.9410480856895447, 0.33258870244026184, -0.06175240874290466, 0.2503080368041992, 0.5618415474891663, -0.7884669303894043], "cam_t_m2c": [-266.0460510253906, 222.36663818359375, 1274.5206298828125], "obj_id": 1}, {"cam_R_m2c": [-0.5278404951095581, -0.38990771770477295, -0.7545570135116577, 0.49051734805107117, -0.86520916223526, 0.10395078361034393, -0.6933808922767639, -0.315253883600235, 0.6479490399360657], "cam_t_m2c": [5.9604644775390625e-05, -6.239861249923706e-05, 1239.85546875], "obj_id": 3}],
  "6": [{"cam_R_m2c": [0.3852541744709015, 0.8884679079055786, 0.24940703809261322, -0.9194726943969727, 0.34660908579826355, 0.18555860221385956, 0.0784161388874054, -0.30081018805503845, 0.9504547119140625], "cam_t_m2c": [-0.0001043081283569336, 0.0001601874828338623, 1292.213623046875], "obj_id": 1}, {"cam_R_m2c": [0.05013566091656685, 0.0782327651977539, -0.9956735968589783, -0.9815058708190918, 0.1882735788822174, -0.03462905064225197, 0.18474987149238586, 0.978995680809021, 0.08622518926858902], "cam_t_m2c": [-10.25930404663086, -62.92054748535156, 995.6276245117188], "obj_id": 1}, {"cam_R_m2c": [-0.3821866512298584, 0.5473721027374268, 0.7445245981216431, 0.6556963324546814, 0.7283560037612915, -0.1988964080810547, -0.6511492729187012, 0.4121665060520172, -0.6372778415679932], "cam_t_m2c": [-42.889495849609375, 286.18939208984375, 1131.5225830078125], "obj_id": 3}],
  "7": [{"cam_R_m2c": [0.8198942542076111, -0.3805341124534607, -0.42774662375450134, -0.4760074019432068, -0.868225634098053, -0.1400040090084076, -0.3181042969226837, 0.318399041891098, -0.8929902911186218], "cam_t_m2c": [9.12696123123169e-05, 5.587935447692871e-05, 929.2219848632812], "obj_id": 1}, {"cam_R_m2c": [0.8987422585487366, -0.414802610874176, 0.14213071763515472, -0.14156155288219452, 0.032297637313604355, 0.9894024133682251, -0.4149972200393677, -0.9093379974365234, -0.02969284914433956], "cam_t_m2c": [129.6098175048828, -23.73891258239746, 1202.471435546875], "obj_id": 1}, {"cam_R_m2c": [-0.4352444112300873, -0.8674136996269226, 0.2411545217037201, 0.3917643129825592, -0.4236404299736023, -0.8167308568954468, 0.8106064200401306, -0.2610018849372864, 0.5242090821266174], "cam_t_m2c": [-234.07928466796875, 59.55922317504883, 1155.55126953125], "obj_id": 3}],
  "8": [{"cam_R_m2c": [0.32583603262901306, -0.09627542644739151, -0.9405115246772766, -0.3888204097747803, -0.9204235076904297, -0.040485963225364685, -0.8617711663246155, 0.37888187170028687, -0.33734092116355896], "cam_t_m2c": [-84.05384826660156, -72.59938049316406, 935.56103515625], "obj_id": 1}, {"cam_R_m2c": [0.540255069732666, -0.3211495280265808, -0.7778093218803406, -0.8074572682380676, -0.4580897092819214, -0.3717074990272522, -0.23693279922008514, 0.8288646936416626, -0.5067998170852661], "cam_t_m2c": [124.94482421875, -83.98082733154297, 1035.12646484375], "obj_id": 1}, {"cam_R_m2c": [-0.28072503209114075, -0.9270786643028259, 0.24843266606330872, 0.5901802778244019, 0.037385232746601105, 0.8064054250717163, -0.7568889856338501, 0.3729981482028961, 0.5366484522819519], "cam_t_m2c": [0.00010244548320770264, -3.166496753692627e-05, 1001.9710083007812], "obj_id": 3}],
  "9": [{"cam_R_m2c": [-0.4971449375152588, 0.5886523723602295, -0.6374441385269165, -0.07307998836040497, -0.7604610919952393, -0.6452580094337463, -0.8645842671394348, -0.274202436208725, 0.42107832431793213], "cam_t_m2c": [-66.12866973876953, -109.44078063964844, 1104.8482666015625], "obj_id": 1}, {"cam_R_m2c": [0.2610311806201935, 0.743716299533844, -0.615425705909729, -0.25288787484169006, -0.5625799298286438, -0.7871160507202148, -0.9316171407699585, 0.3610955476760864, 0.04122588783502579], "cam_t_m2c": [103.41653442382812, 18.388324737548828, 1011.9107055664062], "obj_id": 1}, {"cam_R_m2c": [-0.9532075524330139, -0.0419546477496624, 0.2993914783000946, 0.26670730113983154, -0.5829995274543762, 0.7674495577812195, 0.14234702289104462, 0.8113885521888733, 0.5669090747833252], "cam_t_m2c": [-1.1175870895385742e-05, 0.00041117891669273376, 1124.7386474609375], "obj_id": 3}]
}